4 0.9177457682291666 0.4543421568627451 0.8976813151041667 0.07176740196078431 0.8695904947916667 0.07055857843137256 0.8962519531250001 0.4543166666666667 0.9177457682291666 0.4543421568627451
3 0.88499609375 0.25062426470588234 0.871802734375 0.10308676470588235 0.8520126953124999 0.10457720588235295 0.8587418619791666 0.24857083333333332 0.88499609375 0.25062426470588234
2 0.8605885416666667 0.24913406862745097 0.8487145182291668 0.07725539215686275 0.8282646484375 0.07675857843137256 0.8372939453125 0.250434068627451 0.8605885416666667 0.24913406862745097
5 0.8381598307291668 0.24913406862745097 0.8328821614583334 0.11798970588235294 0.8133714192708333 0.12062083333333333 0.8196888020833333 0.25012745098039213 0.8381598307291668 0.24913406862745097
11 0.8229873046875 0.25062426470588234 0.8124326171875 0.12444754901960783 0.7935732421875 0.12496862745098039 0.8012184244791666 0.24963088235294117 0.8229873046875 0.25062426470588234
7 0.7952812499999999 0.25112107843137255 0.7873652343750001 0.07129436274509804 0.769650390625 0.07465808823529413 0.7801087239583334 0.2521144607843137 0.7952812499999999 0.25112107843137255
8 0.7860458984375001 0.3688529411764706 0.7695540364583334 0.12494436274509804 0.7498525390625 0.12807426470588235 0.7636171875 0.36934975490196076 0.7860458984375001 0.3688529411764706
12 0.792642578125 0.3479889705882353 0.87444140625 0.34500857843137256 0.8671852213541666 0.25112107843137255 0.7902734374999999 0.2516762254901961 0.792642578125 0.3479889705882353
6 0.7642757161458333 0.41684264705882357 0.8448017578125001 0.41347377450980394 0.840328125 0.37023995098039214 0.7672581380208333 0.3730473039215686 0.7642757161458333 0.41684264705882357
9 0.9443597005208333 0.958848774509804 0.9197545572916667 0.4956301470588235 0.8969602864583334 0.4964796568627451 0.9190087890625 0.960533088235294 0.9443597005208333 0.958848774509804
10 0.896640625 0.9622174019607843 0.9212457682291667 0.959971568627451 0.8988772786458333 0.49619166666666664 0.8727180989583333 0.49788382352941174 0.896640625 0.9622174019607843
0 0.8996230468749999 0.9627789215686274 0.8839651692708334 0.6607044117647058 0.8615296223958334 0.6649683823529412 0.8757633463541666 0.965025 0.8996230468749999 0.9627789215686274
1 0.7407516276041667 0.9725424019607843 0.6905550130208334 0.06966789215686274 0.6670592447916667 0.06997720588235294 0.7190247395833333 0.9736705882352942 0.7407516276041667 0.9725424019607843
1 0.718275390625 0.9731475490196079 0.6665807291666667 0.06908308823529412 0.6455110677083333 0.0692718137254902 0.6950504557291667 0.9748401960784313 0.718275390625 0.9731475490196079