4 0.9177994791666667 0.4509 0.9031468098958334 0.07774338235294118 0.8770266927083333 0.07663308823529412 0.8958203125 0.4539093137254902 0.9177994791666667 0.4509
3 0.8851637369791666 0.2472688725490196 0.8811676432291667 0.11034436274509804 0.8612018229166667 0.1136328431372549 0.8671806640624999 0.24526250000000002 0.8851637369791666 0.2472688725490196
2 0.8631845703125 0.24676715686274509 0.8578561197916666 0.06871544117647059 0.8370485026041666 0.07098921568627452 0.8418714192708333 0.2472688725490196 0.8631845703125 0.24676715686274509
5 0.8432034505208333 0.24827181372549018 0.8398733723958333 0.11686470588235294 0.8178919270833332 0.11864975490196078 0.8225563151041667 0.2487735294117647 0.8432034505208333 0.24827181372549018
11 0.8232223307291666 0.24626568627450982 0.8185602213541667 0.12137867647058824 0.8004013671875 0.12303946078431371 0.8059052734375 0.2487735294117647 0.8232223307291666 0.24626568627450982
7 0.8019091796875001 0.2472688725490196 0.7965807291666667 0.07122303921568626 0.77458203125 0.07224338235294117 0.7839261067708333 0.249275 0.8019091796875001 0.2472688725490196
12 0.7985791015625 0.3505892156862745 0.8725091145833334 0.3475799019607843 0.8671806640624999 0.24676715686274509 0.79373828125 0.24846200980392158 0.7985791015625 0.3505892156862745
6 0.7666214192708334 0.41547352941176474 0.8425494791666667 0.4124642156862745 0.8385533854166667 0.36782573529411766 0.7666214192708334 0.37083504901960784 0.7666214192708334 0.41547352941176474
9 0.9376780598958333 0.9529411764705882 0.9203636067708333 0.49035269607843135 0.8971471354166667 0.49489338235294117 0.9113297526041667 0.9535080882352941 0.9376780598958333 0.9529411764705882
10 0.9113297526041667 0.9539313725490196 0.8962737630208334 0.4941774509803921 0.8736123046875001 0.49560220588235293 0.8894983723958334 0.9556321078431372 0.9113297526041667 0.9539313725490196
0 0.8691725260416666 0.9561990196078431 0.8902513020833333 0.9544982843137255 0.8797119140624999 0.6614122549019608 0.8594915364583334 0.6621732843137255 0.8691725260416666 0.9561990196078431
1 0.735896484375 0.9650416666666667 0.6975625 0.06480588235294119 0.6772604166666666 0.06607254901960785 0.7105035807291666 0.9667159313725491 0.735896484375 0.9650416666666667
1 0.7096402994791666 0.9666666666666667 0.6749824218749999 0.06480588235294119 0.6514147135416667 0.06585833333333334 0.6896858723958333 0.9682485294117648 0.7096402994791666 0.9666666666666667
8 0.7879225260416667 0.3681436274509804 0.7772659505208334 0.12539093137254903 0.7545927734375 0.12554803921568627 0.76794140625 0.3701497549019608 0.7879225260416667 0.3681436274509804