4 0.25721813725490195 0.136015625 0.3728970588235294 0.020787760416666672
3 0.16841666666666666 0.15996419270833334 0.1463014705882353 0.023496093749999985
2 0.1578700980392157 0.18165364583333332 0.17011764705882357 0.02349609375000002
5 0.1772622549019608 0.2006315104166667 0.12724754901960786 0.021689453124999963
11 0.17930392156862743 0.22051432291666664 0.12588725490196076 0.016266276041666677
7 0.1524264705882353 0.23813802083333332 0.17828431372549017 0.020787760416666634
8 0.23918627450980393 0.260732421875 0.23476225490196082 0.022594401041666694
12 0.2956642156862745 0.201083984375 0.10547303921568625 0.08224283854166668
9 0.712453431372549 0.137822265625 0.4572769607843137 0.022594401041666656
10 0.7127941176470588 0.15860677083333333 0.4579583333333334 0.022594401041666674
6 0.3803823529411765 0.227744140625 0.0421887254901961 0.09399088541666667
6 0.4269950980392157 0.227744140625 0.04831372549019605 0.09218098958333336
0 0.7954705882352942 0.18029947916666667 0.2926029411764705 0.020787760416666634
1 0.5043872549019608 0.33697916666666666 0.8845343137254903 0.023238932291666663
1 0.5044436274509804 0.36055989583333337 0.8847401960784314 0.021852213541666703
1 0.5036960784313725 0.3834049479166666 0.8862352941176471 0.023837890625000007