4 0.12735147058823532 0.08737727864583333 0.4850848039215686 0.15210286458333333 0.48627328431372546 0.13000162760416667 0.12794558823529412 0.063697265625 0.12735147058823532 0.08737727864583333
3 0.15987058823529413 0.11535416666666666 0.28686715686274505 0.13945279947916667 0.2907272058823529 0.11535416666666666 0.16422573529411766 0.0939560546875 0.15987058823529413 0.11535416666666666
2 0.1188218137254902 0.13014485677083334 0.2830960784313725 0.15781380208333332 0.28546299019607846 0.13643326822916665 0.12686985294117648 0.10624934895833334 0.1188218137254902 0.13014485677083334
5 0.15574803921568628 0.15404069010416668 0.2830960784313725 0.1773076171875 0.28404289215686274 0.15718489583333334 0.15811495098039216 0.13517578125 0.15574803921568628 0.15404069010416668
11 0.15243406862745099 0.1678753255208333 0.28025563725490193 0.19239973958333334 0.27978210784313723 0.17479231770833334 0.15385441176470588 0.15341178385416668 0.15243406862745099 0.1678753255208333
7 0.10556617647058823 0.18422493489583333 0.28025563725490193 0.21378027343749997 0.2826225490196078 0.19302864583333335 0.10888014705882353 0.16347330729166668 0.10556617647058823 0.18422493489583333
8 0.3905607843137255 0.257169921875 0.39198088235294115 0.23453190104166666 0.15924950980392158 0.19279036458333332 0.15574803921568628 0.21315136718750002 0.3905607843137255 0.257169921875
12 0.3744647058823529 0.221955078125 0.37919877450980394 0.14523697916666667 0.29126691176470587 0.12674479166666666 0.2826225490196078 0.20183235677083333 0.3744647058823529 0.221955078125
6 0.4338404411764706 0.2667718098958333 0.44283529411764705 0.19445572916666667 0.3990120098039216 0.1841416015625 0.39170686274509803 0.25671061197916667 0.4338404411764706 0.2667718098958333
9 0.5215389705882353 0.16049674479166667 0.951397794117647 0.24350325520833335 0.9528181372549019 0.22275162760416667 0.5272200980392157 0.13974511718750002 0.5215389705882353 0.16049674479166667
10 0.5215389705882353 0.183134765625 0.9509242647058824 0.2623681640625 0.9509242647058824 0.24224544270833334 0.5248529411764706 0.16112565104166668 0.5215389705882353 0.183134765625
0 0.9495041666666666 0.2831197916666667 0.949030637254902 0.26488346354166664 0.6772549019607843 0.21087434895833335 0.6772919117647059 0.23218424479166666 0.9495041666666666 0.2831197916666667
1 0.09015441176470587 0.27760709635416664 0.9401446078431372 0.4318434244791667 0.9432997549019608 0.4092125651041667 0.09468995098039215 0.2580179036458333 0.09015441176470587 0.27760709635416664
1 0.0877968137254902 0.3013893229166667 0.9405808823529412 0.4508766276041667 0.9401546568627451 0.43105826822916665 0.09328848039215687 0.2769664713541667 0.0877968137254902 0.3013893229166667