4 0.45259803921568625 0.08039485677083334 0.4581857843137255 0.055658203125 0.21605514705882353 0 0.21232990196078433 0.0160791015625 0.45259803921568625 0.08039485677083334
3 0.271 0.04947395833333334 0.2728627450980392 0.028447591145833336 0.16111004901960782 0.0012369791666666666 0.15552230392156863 0.017315755208333335 0.271 0.04947395833333334
2 0.2691375 0.07173697916666667 0.2737938725490196 0.05318424479166667 0.11547769607843138 0.009894856770833333 0.11175269607843137 0.028447591145833336 0.2691375 0.07173697916666667
5 0.14735343137254903 0.056425455729166664 0.26261862745098036 0.0865791015625 0.267275 0.06678971354166667 0.15086593137254903 0.03834212239583334 0.14735343137254903 0.056425455729166664
11 0.14305122549019608 0.06856770833333332 0.2575995098039216 0.10070898437499999 0.2619019607843137 0.08570963541666667 0.1468156862745098 0.05428287760416667 0.14305122549019608 0.06856770833333332
7 0.0968014705882353 0.07785286458333333 0.25329730392156863 0.11785091145833333 0.2570617647058823 0.10070898437499999 0.10164166666666666 0.0621396484375 0.0968014705882353 0.07785286458333333
8 0.3560144607843137 0.16856249999999998 0.3603169117647059 0.14784928385416665 0.14466446078431372 0.09070930989583333 0.1409 0.10642285156249999 0.3560144607843137 0.16856249999999998
12 0.34310759803921564 0.13356412760416667 0.3570901960784314 0.06928190104166666 0.27211985294117647 0.044283203125000004 0.2581375 0.10713704427083333 0.34310759803921564 0.13356412760416667
9 0.4893855392156863 0.09213802083333333 0.9126232843137255 0.210703125 0.9153122549019608 0.19213248697916666 0.49368774509803925 0.07428157552083334 0.4893855392156863 0.09213802083333333
10 0.909396568627451 0.23213053385416668 0.9120855392156864 0.210703125 0.49099877450980395 0.09285221354166667 0.48615882352941175 0.11070833333333334 0.909396568627451 0.23213053385416668
6 0.35225 0.16999088541666665 0.39527279411764704 0.18213313802083334 0.4108686274509804 0.10642285156249999 0.36892132352941176 0.09570930989583333 0.35225 0.16999088541666665
6 0.39634852941176474 0.17927604166666666 0.43883357843137255 0.19356119791666668 0.4560426470588235 0.12213639322916665 0.40979313725490196 0.10785123697916667 0.39634852941176474 0.17927604166666666
0 0.63405 0.17213346354166667 0.9067075980392157 0.2528434244791667 0.9104720588235294 0.23213053385416668 0.6378144607843137 0.15356315104166665 0.63405 0.17213346354166667
1 0.07154901960784314 0.15893717447916667 0.8915125 0.39103580729166665 0.8940450980392157 0.37085351562499996 0.07978014705882353 0.13875455729166666 0.07154901960784314 0.15893717447916667
1 0.06428014705882353 0.2001432291666667 0.8864470588235295 0.43392382812499997 0.8896129901960784 0.4154231770833334 0.06901617647058823 0.17827864583333333 0.06428014705882353 0.2001432291666667
1 0.06964950980392157 0.17996061197916668 0.888346568627451 0.4162639973958333 0.8940450980392157 0.39271777343750003 0.07281519607843137 0.15977799479166668 0.06964950980392157 0.17996061197916668