4 0.08499264705882352 0.2154254557291667 0.44402696078431375 0.18752148437500002 0.4421171568627451 0.16553645833333333 0.08438186274509804 0.19369010416666665 0.08499264705882352 0.2154254557291667
3 0.11172916666666667 0.23149153645833334 0.2473220588235294 0.2213447265625 0.24668529411764706 0.20274186197916666 0.11383578431372549 0.21589257812499998 0.11172916666666667 0.23149153645833334
2 0.0799 0.25770442708333335 0.2505049019607843 0.241638671875 0.24923161764705884 0.22219010416666665 0.0804014705882353 0.23492317708333332 0.0799 0.25770442708333335
5 0.12373333333333333 0.2701953125 0.25059166666666666 0.261408203125 0.24860563725490198 0.2438203125 0.12252867647058822 0.2531165364583333 0.12373333333333333 0.2701953125
11 0.12382573529411765 0.28995442708333335 0.2522063725490196 0.27883300781250003 0.2512759803921568 0.26215071614583335 0.12331397058823529 0.27363020833333335 0.12382573529411765 0.28995442708333335
7 0.0819625 0.31405078125 0.2554625 0.3029293619791667 0.2536017156862745 0.2800686848958333 0.08242769607843138 0.2948971354166667 0.0819625 0.31405078125
7 0.13219852941176471 0.3313505859375 0.36709779411764704 0.31281510416666664 0.3675627450980392 0.2918079427083333 0.1320389705882353 0.30916634114583336 0.13219852941176471 0.3313505859375
12 0.25592745098039216 0.28315787760416666 0.3443053921568628 0.2751256510416667 0.3405843137254902 0.211486328125 0.2512813725490196 0.2180078125 0.25592745098039216 0.28315787760416666
6 0.3692752450980392 0.3146627604166667 0.41392941176470593 0.31157356770833333 0.4106732843137255 0.23804850260416666 0.36528848039215683 0.24118391927083335 0.3692752450980392 0.3146627604166667
9 0.4795071078431372 0.1827340494791667 0.9139544117647059 0.15184114583333333 0.9106982843137255 0.13021614583333332 0.4816225490196078 0.1623857421875 0.4795071078431372 0.1827340494791667
10 0.4822980392156863 0.2037412109375 0.9153497549019608 0.1759375 0.9134892156862745 0.14998763020833333 0.4816225490196078 0.18324414062500002 0.4822980392156863 0.2037412109375
0 0.6404480392156863 0.213626953125 0.9158149509803922 0.19014811197916667 0.9153497549019608 0.17099479166666667 0.6392549019607843 0.19483203125 0.6404480392156863 0.213626953125
1 0.08366740196078432 0.40888346354166666 0.9282946078431372 0.337287109375 0.9275355392156862 0.31611067708333335 0.08259264705882353 0.38859147135416666 0.08366740196078432 0.40888346354166666
1 0.08222867647058824 0.42884374999999997 0.9288732843137255 0.3573714192708333 0.9267995098039216 0.3403121744791667 0.08259264705882353 0.4112864583333333 0.08222867647058824 0.42884374999999997