3 0.8605283203125 0.2621237745098039 0.8621979166666667 0.13075514705882352 0.8402486979166667 0.13297598039215688 0.8413304036458333 0.2589808823529412 0.8605283203125 0.2621237745098039
2 0.8411487630208333 0.2594343137254902 0.8404892578125001 0.0989811274509804 0.8224453125000001 0.09639730392156863 0.8220185546875 0.2604276960784314 0.8411487630208333 0.2594343137254902
4 0.88223046875 0.4519485294117647 0.884734375 0.09932720588235294 0.8579931640625 0.09839607843137255 0.8613632812500001 0.4525769607843137 0.88223046875 0.4519485294117647
5 0.8209641927083333 0.2624166666666667 0.8222835286458333 0.13574313725490195 0.8018222656249999 0.13614877450980392 0.8018336588541667 0.26142328431372547 0.8209641927083333 0.2624166666666667
11 0.8024934895833334 0.25943627450980394 0.8051321614583333 0.13673676470588234 0.7861487630208334 0.13925416666666668 0.7853421223958333 0.2624166666666667 0.8024934895833334 0.25943627450980394
7 0.7853421223958333 0.2619200980392157 0.7873209635416667 0.0860674019607843 0.7655260416666666 0.08832279411764707 0.7648922526041666 0.26390710784313726 0.7853421223958333 0.2619200980392157
8 0.7655520833333332 0.3717036764705882 0.7622535807291667 0.1402139705882353 0.744078125 0.14298088235294118 0.7404847005208333 0.37319411764705884 0.7655520833333332 0.3717036764705882
12 0.7796494140625 0.3581752450980392 0.8476490885416667 0.3581752450980392 0.8490807291666668 0.26384705882352943 0.7823134765624999 0.2629769607843137 0.7796494140625 0.3581752450980392
6 0.7424300130208333 0.41198799019607846 0.8276083984375 0.413065931372549 0.8268925781249999 0.37210073529411763 0.7445771484375 0.37210073529411763 0.7424300130208333 0.41198799019607846
9 0.8789752604166666 0.9174852941176471 0.88208203125 0.489359068627451 0.8614905598958332 0.4908399509803921 0.8603352864583332 0.9186551470588235 0.8789752604166666 0.9174852941176471
10 0.8370348307291667 0.9204098039215686 0.8611116536458333 0.9204098039215686 0.8618883463541667 0.49111372549019605 0.8391520182291666 0.4908399509803921 0.8370348307291667 0.9204098039215686
0 0.8183945312500001 0.9233340686274509 0.8393649088541667 0.9215794117647058 0.8401416015625 0.6455198529411764 0.821669921875 0.6458730392156862 0.8183945312500001 0.9233340686274509
1 0.6949231770833334 0.9337901960784314 0.6895052083333333 0.08421960784313726 0.6693691406250001 0.08386323529411764 0.6754189453125 0.9346061274509805 0.6949231770833334 0.9337901960784314
1 0.6753616536458332 0.9302125 0.6719361979166667 0.08457549019607842 0.6463343098958333 0.08284289215686275 0.6539527994791666 0.9315022058823529 0.6753616536458332 0.9302125