4 0.11226225490196078 0.10197395833333334 0.4525389705882353 0.11510709635416666 0.4519573529411765 0.09347623697916667 0.11342549019607844 0.08188802083333334 0.11226225490196078 0.10197395833333334
3 0.14018235294117645 0.12205989583333333 0.26349632352941177 0.12746744791666667 0.26524142156862746 0.10506412760416667 0.14076397058823528 0.10197395833333334 0.14018235294117645 0.12205989583333333
2 0.10644558823529411 0.13982779947916665 0.2664046568627451 0.14600813802083332 0.26698627450980394 0.12514973958333334 0.10760882352941176 0.1189697265625 0.10644558823529411 0.13982779947916665
5 0.14597671568627452 0.158962890625 0.2712593137254902 0.163419921875 0.2718186274509804 0.14559212239583333 0.14597671568627452 0.13964973958333335 0.14597671568627452 0.158962890625
11 0.1465360294117647 0.17381933593749999 0.2611921568627451 0.17753320312499998 0.2617512254901961 0.16267708333333333 0.1470953431372549 0.158962890625 0.1465360294117647 0.17381933593749999
7 0.09955490196078431 0.19387532552083334 0.26958161764705885 0.19907519531249998 0.2701406862745098 0.18050455729166667 0.09899558823529411 0.1760478515625 0.09955490196078431 0.19387532552083334
8 0.1493325980392157 0.21318847656249998 0.36466200980392155 0.22507356770833334 0.3652213235294118 0.20278906249999998 0.1493325980392157 0.19610384114583335 0.1493325980392157 0.21318847656249998
12 0.26063284313725493 0.1901611328125 0.3501203431372549 0.19313248697916666 0.3534762254901961 0.1210791015625 0.2639884803921569 0.11810807291666665 0.26063284313725493 0.1901611328125
6 0.36466200980392155 0.22581640625 0.4071686274509804 0.22878776041666668 0.4116431372549019 0.14559212239583333 0.37025514705882356 0.14559212239583333 0.36466200980392155 0.22581640625
6 0.44855686274509804 0.23101627604166666 0.4541497549019608 0.15227766927083333 0.41276176470588233 0.14782063802083334 0.40660955882352945 0.22878776041666668 0.44855686274509804 0.23101627604166666
9 0.4888262254901961 0.11662239583333334 0.9155703431372549 0.140392578125 0.9150110294117647 0.1210791015625 0.4888262254901961 0.09508072916666667 0.4888262254901961 0.11662239583333334
10 0.9166889705882353 0.15822005208333334 0.9178075980392157 0.1381640625 0.4871482843137255 0.11513671874999999 0.48658897058823525 0.1381640625 0.9166889705882353 0.15822005208333334
0 0.6415144607843137 0.16490559895833332 0.9183669117647059 0.18124739583333335 0.9166889705882353 0.15970572916666667 0.642073774509804 0.14484928385416665 0.6415144607843137 0.16490559895833332
1 0.08865980392156864 0.28078483072916666 0.9171588235294117 0.3246110026041667 0.9182774509803922 0.3045550130208333 0.09116544117647059 0.26072884114583333 0.08865980392156864 0.28078483072916666
1 0.9170468137254901 0.34689583333333335 0.9176061274509804 0.3260966796875 0.09033774509803921 0.28152766927083334 0.08865980392156864 0.3045550130208333 0.9170468137254901 0.34689583333333335
1 0.9176622549019607 0.36695182291666667 0.9193399509803922 0.34541015625 0.08811176470588235 0.301583984375 0.08699313725490196 0.3231256510416667 0.9176622549019607 0.36695182291666667