4 0.125578125 0.9313161764705883 0.125578125 0.5469399509803922 0.09986946614583332 0.5486031862745098 0.10213997395833334 0.9313161764705883 0.125578125 0.9313161764705883
3 0.1442236328125 0.8921946078431372 0.1466630859375 0.7571656862745098 0.12508040364583334 0.7569855392156863 0.12531673177083333 0.8926539215686274 0.1442236328125 0.8921946078431372
2 0.16922949218750002 0.9293963235294117 0.17044921875 0.7562470588235294 0.1471982421875 0.7592825980392157 0.14605338541666665 0.9307742647058824 0.16922949218750002 0.9293963235294117
5 0.18813639322916667 0.8926539215686274 0.18813639322916667 0.7590029411764706 0.16779069010416667 0.7569855392156863 0.16983951822916665 0.8931129901960784 0.18813639322916667 0.8926539215686274
11 0.20399381510416667 0.8853053921568627 0.20643326822916666 0.7580843137254901 0.1883831380208333 0.7581340686274509 0.18752636718750001 0.8853053921568627 0.20399381510416667 0.8853053921568627
7 0.22899967447916666 0.9362855392156862 0.22838997395833335 0.7599213235294118 0.2074501953125 0.7581340686274509 0.2052135416666667 0.935826225490196 0.22899967447916666 0.9362855392156862
8 0.2533958333333333 0.8862237745098039 0.2552255859375 0.6386710784313725 0.2288056640625 0.6375401960784314 0.22899967447916666 0.8862237745098039 0.2533958333333333 0.8862237745098039
12 0.2168017578125 0.7553286764705882 0.21924121093750001 0.6487752450980393 0.13880859375000001 0.6490252450980393 0.1375146484375 0.7553286764705882 0.2168017578125 0.7553286764705882
6 0.16556998697916667 0.6381615196078432 0.24668684895833334 0.6381615196078432 0.247296875 0.5931519607843138 0.16550260416666665 0.5915995098039216 0.16556998697916667 0.6381615196078432
6 0.24424739583333333 0.5936279411764706 0.24424739583333333 0.5490776960784314 0.16855338541666667 0.5502529411764706 0.16861946614583334 0.5913316176470588 0.24424739583333333 0.5936279411764706
9 0.12545052083333333 0.5073132352941176 0.13434505208333333 0.03738431372549019 0.11122493489583334 0.039599754901960785 0.1025791015625 0.5077916666666666 0.12545052083333333 0.5073132352941176
10 0.14514518229166667 0.5063563725490197 0.15531022135416667 0.03789779411764706 0.131880859375 0.03840343137254902 0.12481510416666668 0.5058779411764706 0.14514518229166667 0.5063563725490197
0 0.17491992187500002 0.3356968137254902 0.17892252604166667 0.03830049019607843 0.1568330078125 0.03906887254901961 0.14956998697916665 0.3367014705882353 0.17491992187500002 0.3356968137254902
1 0.3310224609375 0.9447382352941177 0.337693359375 0.03424509803921569 0.3161689453125 0.03655637254901961 0.30633951822916666 0.946245343137255 0.3310224609375 0.9447382352941177
1 0.3537041015625 0.946245343137255 0.3623763020833333 0.03673848039215686 0.33785872395833333 0.03655637254901961 0.33035546875 0.9467477941176471 0.3537041015625 0.946245343137255