4 0.07397623697916667 0.9535188725490196 0.06784114583333332 0.5462916666666666 0.0441767578125 0.5469514705882352 0.0476826171875 0.9541789215686275 0.07397623697916667 0.9535188725490196
3 0.09588769531250001 0.9125980392156863 0.094134765625 0.7680556372549019 0.074529296875 0.7692862745098039 0.07485286458333333 0.9178781862745099 0.09588769531250001 0.9125980392156863
2 0.12656380208333332 0.9548389705882353 0.1204287109375 0.7700355392156862 0.094134765625 0.7687154411764706 0.09588769531250001 0.9528588235294119 0.12656380208333332 0.9548389705882353
5 0.1379580078125 0.9198580882352941 0.13883430989583334 0.7687154411764706 0.12056217447916667 0.7684610294117646 0.1204287109375 0.9205183823529413 0.1379580078125 0.9198580882352941
11 0.16074576822916667 0.9178781862745099 0.16074576822916667 0.7700355392156862 0.14029036458333333 0.7701115196078431 0.14234016927083334 0.9185382352941176 0.16074576822916667 0.9178781862745099
7 0.18441015625 0.9620990196078432 0.18441015625 0.7680556372549019 0.1600185546875 0.7684610294117646 0.16425162760416667 0.9634191176470588 0.18441015625 0.9620990196078432
8 0.20807454427083336 0.907318137254902 0.20719824218750002 0.6419933823529412 0.1797470703125 0.6413745098039215 0.18353385416666668 0.910618137254902 0.20807454427083336 0.907318137254902
6 0.19843359375 0.638693137254902 0.19755696614583332 0.5911723039215687 0.10960188802083333 0.5935107843137255 0.10728190104166667 0.6380330882352941 0.19843359375 0.638693137254902
12 0.17038671875 0.7654154411764705 0.1686337890625 0.6571735294117648 0.07891341145833333 0.6611801470588234 0.08011165364583334 0.7647553921568628 0.17038671875 0.7654154411764705
9 0.06959407552083334 0.5065705882352941 0.07309993489583333 0.011513725490196079 0.04712890625 0.012543627450980392 0.043300130208333336 0.5092105392156863 0.06959407552083334 0.5065705882352941
10 0.09588769531250001 0.5078906862745098 0.09325846354166667 0.009485539215686274 0.067953125 0.008417401960784315 0.06871744791666666 0.5085507352941177 0.09588769531250001 0.5078906862745098
0 0.11604654947916666 0.32303921568627453 0.11867578125 0.006233578431372549 0.09206542968749999 0.009242647058823529 0.094134765625 0.3243593137254902 0.11604654947916666 0.32303921568627453
1 0.2904619140625 0.9694071078431372 0.28607942708333334 0.0002453431372549019 0.2619482421875 0.004291176470588235 0.26504459635416666 0.9687473039215686 0.2904619140625 0.9694071078431372
1 0.3171181640625 0.9697519607843138 0.3127360026041667 0.0032541666666666665 0.28386881510416667 0.0018154411764705882 0.2899479166666667 0.9690919117647059 0.3171181640625 0.9697519607843138