4 0.9032395833333333 0.4634914215686275 0.9118287760416667 0.08982745098039215 0.8865579427083333 0.09219705882352941 0.8794534505208333 0.4634914215686275 0.9032395833333333 0.4634914215686275
3 0.8847392578125 0.25949387254901957 0.8853997395833333 0.1256514705882353 0.8683805338541667 0.1282794117647059 0.865578125 0.2599914215686275 0.8847392578125 0.25949387254901957
2 0.8629352213541667 0.26098651960784314 0.865578125 0.08631274509803921 0.8435930989583333 0.08908651960784314 0.84311328125 0.25899632352941176 0.8629352213541667 0.26098651960784314
5 0.84311328125 0.25896446078431373 0.8464169921875001 0.12960000000000002 0.827068359375 0.13076299019607843 0.8226308593749999 0.2599595588235294 0.84311328125 0.25896446078431373
11 0.8226308593749999 0.2594620098039216 0.8272561848958334 0.1315901960784314 0.8064124348958334 0.1338735294117647 0.8061126302083333 0.2594620098039216 0.8226308593749999 0.2594620098039216
7 0.8041305338541668 0.26393995098039214 0.8047913411458333 0.07934705882352941 0.7849300130208333 0.0803718137254902 0.7849697265625001 0.2629448529411765 0.8041305338541668 0.26393995098039214
8 0.7843089192708333 0.3778801470588235 0.7876126302083333 0.13308284313725488 0.7609690755208334 0.13636200980392157 0.7565582682291666 0.37688504901960784 0.7843089192708333 0.3778801470588235
12 0.7948805338541667 0.35996813725490195 0.8662389322916666 0.3624558823529412 0.8688818359375 0.26045710784313725 0.7973235677083333 0.2614063725490196 0.7948805338541667 0.35996813725490195
6 0.7569986979166666 0.42306764705882355 0.8303391927083333 0.4225700980392157 0.831 0.37778995098039214 0.7583199869791667 0.37729240196078434 0.7569986979166666 0.42306764705882355
1 0.6715673828125 0.9575230392156863 0.6856373697916666 0.07209436274509803 0.6656650390625 0.07080196078431372 0.6535888671875 0.9598774509803922 0.6715673828125 0.9575230392156863
9 0.88807421875 0.9489218137254902 0.9011874999999999 0.5040102941176471 0.8791165364583334 0.503610294117647 0.8662190755208333 0.9489218137254902 0.88807421875 0.9489218137254902
10 0.8640335286458334 0.9467274509803922 0.8800608723958333 0.5018159313725491 0.8590745442708334 0.5042960784313725 0.8450924479166666 0.9472762254901961 0.8640335286458334 0.9467274509803922
0 0.8450924479166666 0.9538593137254903 0.8538346354166667 0.6652975490196079 0.8344775390625 0.6682335784313725 0.8239658203125 0.9538593137254903 0.8450924479166666 0.9538593137254903
1 0.695798828125 0.9551899509803922 0.709869140625 0.07266176470588234 0.6871695963541667 0.07300980392156863 0.6762571614583334 0.9569558823529412 0.695798828125 0.9551899509803922