4 0.09949730392156864 0.16716536458333334 0.46799607843137253 0.150111328125 0.46873210784313724 0.12958365885416667 0.10662107843137256 0.13935872395833335 0.09949730392156864 0.16716536458333334
3 0.1293816176470588 0.1849091796875 0.26614632352941175 0.17930598958333333 0.26473995098039216 0.16016145833333334 0.1304362745098039 0.16529785156250001 0.1293816176470588 0.1849091796875
2 0.09703627450980393 0.20778938802083333 0.2668495098039216 0.20171940104166666 0.26579485294117644 0.17883919270833334 0.09844240196078431 0.18631022135416667 0.09703627450980393 0.20778938802083333
12 0.3638857843137255 0.24281022135416666 0.36212794117647057 0.1774381510416667 0.2672012254901961 0.18070670572916667 0.2682558823529412 0.24514485677083334 0.3638857843137255 0.24281022135416666
5 0.265443137254902 0.22226464843750002 0.26509166666666667 0.2012522786458333 0.14203848039215689 0.20732259114583332 0.14414803921568628 0.22740104166666666 0.265443137254902 0.22226464843750002
11 0.2682558823529412 0.23720703125 0.2668495098039216 0.21993001302083334 0.14660906862745096 0.22646712239583333 0.14801544117647059 0.24281022135416666 0.2682558823529412 0.23720703125
7 0.09738774509803921 0.2675582682291667 0.26790416666666667 0.2591533203125 0.2696622549019608 0.23954166666666665 0.09773946078431373 0.24327701822916667 0.09738774509803921 0.2675582682291667
8 0.1497732843137255 0.28763671875 0.38673848039215686 0.27689713541666666 0.3870899509803922 0.2572854817708333 0.14766372549019607 0.2652236328125 0.1497732843137255 0.28763671875
6 0.38224754901960784 0.27969856770833335 0.4247887254901961 0.27923177083333334 0.4230308823529412 0.19611588541666666 0.38119289215686275 0.1970498046875 0.38224754901960784 0.27969856770833335
9 0.4997490196078432 0.15233138020833334 0.935681862745098 0.14316861979166667 0.9330948529411764 0.123125 0.5010426470588235 0.1328603515625 0.4997490196078432 0.15233138020833334
10 0.5008759803921569 0.17425618489583336 0.935681862745098 0.16493001302083335 0.9343884803921568 0.142595703125 0.5014737745098039 0.15404915364583333 0.5008759803921569 0.17425618489583336
1 0.0934171568627451 0.36179720052083336 0.941356862745098 0.3314306640625 0.9426632352941176 0.31060774739583336 0.0934171568627451 0.33923925781250003 0.0934171568627451 0.36179720052083336
1 0.09276372549019608 0.3860904947916666 0.9426632352941176 0.3513857421875 0.9433166666666667 0.3331656901041667 0.0947235294117647 0.3626647135416667 0.09276372549019608 0.3860904947916666