4 0.15295279947916665 0.8977696078431373 0.14334798177083333 0.5356125 0.12182421875 0.5395066176470588 0.13031282552083334 0.8982862745098039 0.15295279947916665 0.8977696078431373
3 0.16832649739583336 0.8650066176470588 0.16669205729166667 0.734131862745098 0.15056477864583334 0.7362154411764706 0.15198209635416668 0.8662375 0.16832649739583336 0.8650066176470588
2 0.19447721354166667 0.8998794117647059 0.19175325520833333 0.734542156862745 0.170322265625 0.734163725490196 0.1699609375 0.8998794117647059 0.19447721354166667 0.8998794117647059
5 0.21354589843750002 0.8871610294117648 0.207552734375 0.7357730392156863 0.19076106770833334 0.7331377450980393 0.19720149739583334 0.8904431372549019 0.21354589843750002 0.8871610294117648
11 0.22934537760416665 0.8929046568627451 0.22607649739583333 0.7349524509803922 0.20847460937499998 0.7362154411764706 0.20918717447916668 0.8937252450980392 0.22934537760416665 0.8929046568627451
7 0.25495149739583334 0.9076742647058824 0.245689453125 0.7357730392156863 0.22550683593749998 0.735189705882353 0.2320693359375 0.9093154411764706 0.25495149739583334 0.9076742647058824
8 0.2702060546875 0.8629404411764706 0.26857161458333334 0.6200629901960785 0.2439016927083333 0.6213100490196078 0.2533170572916667 0.8649916666666667 0.2702060546875 0.8629404411764706
12 0.23915169270833334 0.6307299019607844 0.1557958984375 0.6307299019607844 0.15942154947916667 0.7331377450980393 0.24078613281250003 0.7332963235294118 0.23915169270833334 0.6307299019607844
6 0.26857161458333334 0.620838725490196 0.2647578125 0.5781710784313726 0.17713509114583334 0.5792465686274509 0.179767578125 0.6191977941176471 0.26857161458333334 0.620838725490196
1 0.34430013020833333 0.9118218137254902 0.33068001302083333 0.046742401960784316 0.3083427734375 0.04797303921568627 0.32429361979166665 0.9085737745098039 0.34430013020833333 0.9118218137254902
1 0.36663736979166667 0.9130526960784314 0.3502932942708334 0.04428063725490196 0.33013509114583334 0.045921813725490195 0.3454137369791667 0.9116514705882353 0.36663736979166667 0.9130526960784314
9 0.1419453125 0.5005458333333334 0.13724576822916668 0.055087500000000005 0.11710709635416666 0.05560710784313726 0.12247493489583333 0.5015571078431372 0.1419453125 0.5005458333333334
10 0.16477278645833335 0.5010514705882353 0.16007291666666668 0.055556127450980396 0.13858854166666668 0.05606176470588235 0.14440755208333333 0.4988955882352941 0.16477278645833335 0.5010514705882353
0 0.18424283854166668 0.3402382352941177 0.18222884114583335 0.05357058823529412 0.16119921875 0.05512377450980392 0.16275846354166668 0.3417549019607843 0.18424283854166668 0.3402382352941177