4 0.1490232843137255 0.17171256510416666 0.5055901960784314 0.15454134114583332 0.506270588235294 0.129236328125 0.14766225490196078 0.1473115234375 0.1490232843137255 0.17171256510416666
3 0.16875686274509805 0.18798014322916667 0.3109752450980392 0.18346126302083332 0.3143776960784314 0.15906022135416667 0.16807647058823527 0.1662900390625 0.16875686274509805 0.18798014322916667
2 0.14766225490196078 0.20786263020833332 0.3150580882352941 0.20153645833333333 0.31301666666666667 0.18075032552083334 0.1490232843137255 0.18798014322916667 0.14766225490196078 0.20786263020833332
5 0.1844075980392157 0.22322656249999998 0.3143776960784314 0.21870768229166668 0.31369730392156864 0.19972884114583334 0.1830468137254902 0.20515136718750002 0.1844075980392157 0.22322656249999998
11 0.1857686274509804 0.24039778645833332 0.31573872549019605 0.23859016927083332 0.31165588235294117 0.22051529947916668 0.18644901960784313 0.22413020833333333 0.1857686274509804 0.24039778645833332
7 0.14357941176470587 0.264798828125 0.3109752450980392 0.25847265625 0.3102948529411765 0.2376865234375 0.14425980392156865 0.2440126953125 0.14357941176470587 0.264798828125
8 0.19529534313725488 0.28648893229166666 0.42801642156862746 0.27925911458333336 0.43005784313725487 0.25305013020833333 0.19597573529411766 0.2638951822916667 0.19529534313725488 0.28648893229166666
12 0.3143776960784314 0.24491634114583336 0.4048803921568628 0.2458203125 0.40079754901960785 0.16900130208333333 0.31301666666666667 0.17532779947916666 0.3143776960784314 0.24491634114583336
6 0.4266553921568627 0.27564388020833336 0.470205637254902 0.2765478515625 0.4695252450980392 0.19159505208333336 0.4239335784313725 0.19159505208333336 0.4266553921568627 0.27564388020833336
6 0.47156666666666663 0.2729326171875 0.5130752450980393 0.27383658854166665 0.5144362745098039 0.19340266927083336 0.4681642156862745 0.19340266927083336 0.47156666666666663 0.2729326171875
9 0.5457379901960784 0.1473115234375 0.9880441176470588 0.13285123697916668 0.9928075980392157 0.11296875 0.5457379901960784 0.1274287109375 0.5457379901960784 0.1473115234375
10 0.5477794117647059 0.16900130208333333 0.9955294117647059 0.15454134114583332 0.9941683823529411 0.13194759114583335 0.5484598039215686 0.14911881510416666 0.5477794117647059 0.16900130208333333
0 0.7097313725490196 0.18346126302083332 0.9941683823529411 0.1762314453125 0.9928075980392157 0.15634895833333332 0.7083705882352941 0.16448274739583332 0.7097313725490196 0.18346126302083332
1 0.14155073529411766 0.359650390625 0.9990593137254902 0.3256005859375 0.9982580882352942 0.3053834635416667 0.14100588235294118 0.3404973958333333 0.14155073529411766 0.359650390625
1 0.14091348039215687 0.38292382812500003 0.995968137254902 0.3510895182291667 0.9939137254901961 0.3292600911458333 0.14176274509803924 0.36018489583333335 0.14091348039215687 0.38292382812500003
1 0.13885882352941176 0.401115234375 0.9976529411764706 0.37109960937500003 0.9976529411764706 0.35199902343749995 0.14091348039215687 0.37928580729166667 0.13885882352941176 0.401115234375