4 0.1043896484375 0.8976536764705882 0.11330826822916668 0.513760294117647 0.09437076822916667 0.5149600490196078 0.07900553385416667 0.8981703431372549 0.1043896484375 0.8976536764705882
3 0.12634342447916666 0.8537401960784314 0.12977376302083335 0.7219997549019608 0.11238704427083333 0.721021568627451 0.1071337890625 0.8532235294117647 0.12634342447916666 0.8537401960784314
2 0.14829720052083334 0.8940372549019608 0.15515787760416666 0.7209664215686274 0.132119140625 0.7229595588235295 0.12977376302083335 0.8945539215686275 0.14829720052083334 0.8940372549019608
5 0.16956477864583333 0.8521901960784314 0.171623046875 0.7230328431372549 0.15356705729166667 0.7216676470588236 0.14966927083333334 0.8511568627450979 0.16956477864583333 0.8521901960784314
11 0.18877441406249998 0.8516735294117647 0.190146484375 0.7230328431372549 0.1741572265625 0.7203757352941176 0.16956477864583333 0.852706862745098 0.18877441406249998 0.8516735294117647
7 0.208669921875 0.9012700980392157 0.21690266927083335 0.7214830882352941 0.189599609375 0.7229595588235295 0.18808854166666666 0.9054029411764706 0.208669921875 0.9012700980392157
8 0.23199576822916668 0.8496071078431372 0.2416005859375 0.604208088235294 0.2153372395833333 0.6053946078431373 0.2134723307291667 0.8521901960784314 0.23199576822916668 0.8496071078431372
12 0.2021640625 0.7210178921568627 0.20568815104166668 0.6179561274509804 0.12486946614583333 0.6189791666666666 0.1216923828125 0.7188061274509804 0.2021640625 0.7210178921568627
6 0.23799414062500002 0.6033272058823529 0.24093131510416665 0.5599794117647059 0.1476396484375 0.5575901960784313 0.14753743489583335 0.6006732843137255 0.23799414062500002 0.6033272058823529
9 0.11536914062499999 0.47331519607843137 0.1348193359375 0.004843872549019608 0.10810156250000001 0.0042053921568627455 0.09375748697916668 0.47277279411764705 0.11536914062499999 0.47331519607843137
10 0.13842154947916666 0.47149656862745093 0.15571061197916666 0.0005041666666666667 0.1348193359375 0.004843872549019608 0.11440755208333332 0.4688306372549019 0.13842154947916666 0.47149656862745093
0 0.168677734375 0.30216323529411765 0.18020377604166668 0.002131372549019608 0.15643098958333332 0.003216421568627451 0.14413541666666665 0.3026507352941177 0.168677734375 0.30216323529411765
1 0.30463118489583335 0.9098436274509804 0.3389820963541667 0.004236764705882353 0.31585221354166665 0.003297794117647059 0.2837513020833333 0.9088291666666667 0.30463118489583335 0.9098436274509804
1 0.32955240885416665 0.9108394607843137 0.3625559895833333 0.0006862745098039215 0.3411201171875 0.002029411764705882 0.30732552083333337 0.9098252450980392 0.32955240885416665 0.9108394607843137