4 0.1149997549019608 0.1599638671875 0.47769068627450983 0.13375520833333335 0.47905171568627447 0.11296875 0.11840196078431373 0.13465885416666667 0.1149997549019608 0.1599638671875
3 0.1300955882352941 0.17644661458333333 0.28271666666666667 0.17034114583333335 0.2808779411764706 0.147140625 0.12871666666666667 0.15935123697916667 0.1300955882352941 0.17644661458333333
2 0.11676421568627451 0.20147884114583334 0.2840958333333334 0.18560481770833334 0.2813375 0.166677734375 0.1186031862745098 0.17888867187500002 0.11676421568627451 0.20147884114583334
12 0.29145098039215683 0.22834244791666666 0.37879436274509803 0.2222373046875 0.3741973039215686 0.16057259114583333 0.28639436274509805 0.16484635416666668 0.29145098039215683 0.22834244791666666
5 0.15813750000000001 0.21368945312499998 0.28455563725490196 0.2069736328125 0.2813375 0.18804687499999997 0.15629877450980392 0.19354166666666664 0.15813750000000001 0.21368945312499998
11 0.15951666666666667 0.23200585937499998 0.2850151960784314 0.22406868489583334 0.2840958333333334 0.20636295572916666 0.16043602941176469 0.21430013020833336 0.15951666666666667 0.23200585937499998
7 0.11538529411764706 0.2588697916666667 0.2859345588235294 0.2417744140625 0.28455563725490196 0.22651106770833332 0.11676421568627451 0.2387216796875 0.11538529411764706 0.2588697916666667
8 0.40086004901960787 0.2594801432291667 0.3994811274509804 0.23689029947916665 0.16549264705882355 0.2539853515625 0.16641200980392157 0.2771858723958333 0.40086004901960787 0.2594801432291667
6 0.40407794117647056 0.260701171875 0.4426928921568627 0.25825911458333334 0.43993480392156864 0.18072037760416668 0.39856151960784314 0.1825520833333333 0.40407794117647056 0.260701171875
6 0.4836063725490196 0.25642740885416665 0.4790095588235294 0.17705696614583333 0.440394362745098 0.18010970052083333 0.4426928921568627 0.2588697916666667 0.4836063725490196 0.25642740885416665
9 0.5162453431372549 0.13004524739583334 0.9423889705882353 0.10928710937500001 0.9423889705882353 0.08669694010416668 0.5153259803921569 0.10867643229166667 0.5162453431372549 0.13004524739583334
10 0.517164705882353 0.15202473958333332 0.9451473039215686 0.12943489583333334 0.9437681372549019 0.10867643229166667 0.5162453431372549 0.13065592447916666 0.517164705882353 0.15202473958333332
0 0.678060294117647 0.16179361979166665 0.9442279411764706 0.150193359375 0.9442279411764706 0.13004524739583334 0.6766813725490196 0.1446982421875 0.678060294117647 0.16179361979166665
1 0.11270710784313726 0.353560546875 0.9542080882352941 0.2947867838541667 0.9535166666666667 0.27274674479166666 0.11132426470588234 0.32876529947916666 0.11270710784313726 0.353560546875
1 0.11519240196078431 0.37656249999999997 0.9525014705882353 0.3167747395833333 0.9545791666666666 0.295619140625 0.11380735294117647 0.35448697916666666 0.11519240196078431 0.37656249999999997