4 0.1008837890625 0.9058382352941177 0.10517187500000001 0.5221333333333333 0.07953613281250001 0.5229593137254902 0.07587141927083334 0.9063764705882353 0.1008837890625 0.9058382352941177
3 0.12375227864583332 0.873548774509804 0.125181640625 0.7336284313725491 0.10187760416666668 0.7315507352941176 0.09945475260416665 0.8746252450980392 0.12375227864583332 0.873548774509804
2 0.14440950520833332 0.9072696078431373 0.14666861979166665 0.7328914215686275 0.12430436197916667 0.7339678921568628 0.12068815104166668 0.9093960784313725 0.14440950520833332 0.9072696078431373
5 0.16474186197916665 0.8698419117647058 0.16474186197916665 0.7328914215686275 0.14761165364583334 0.7334360294117647 0.14497428385416666 0.8702674019607842 0.16474186197916665 0.8698419117647058
11 0.1828154296875 0.8677154411764706 0.18394498697916664 0.7333169117647059 0.16526855468749999 0.7339678921568628 0.165306640625 0.8715433823529412 0.1828154296875 0.8677154411764706
7 0.20314778645833334 0.9136492647058824 0.207666015625 0.7345926470588235 0.18645670572916664 0.7350313725490196 0.18225065104166668 0.9144997549019608 0.20314778645833334 0.9136492647058824
8 0.22630403645833333 0.863415931372549 0.23477604166666666 0.6133323529411765 0.209763671875 0.6148482843137255 0.20484212239583333 0.865117156862745 0.22630403645833333 0.863415931372549
12 0.19637044270833334 0.7324196078431372 0.1997591145833333 0.6239651960784314 0.11899381510416666 0.621838480392157 0.1178642578125 0.731994362745098 0.19637044270833334 0.7324196078431372
6 0.23477604166666666 0.6141519607843137 0.23647037760416667 0.5686436274509803 0.14619889322916665 0.5685830882352941 0.14610384114583333 0.6111747549019607 0.23477604166666666 0.6141519607843137
9 0.10355891927083333 0.48075392156862745 0.11925455729166667 0.007975735294117646 0.09929166666666667 0.008866911764705882 0.081400390625 0.482839705882353 0.10355891927083333 0.48075392156862745
10 0.126640625 0.482839705882353 0.14048958333333333 0.005194852941176471 0.11891927083333333 0.007997549019607844 0.10448209635416666 0.48423014705882356 0.126640625 0.482839705882353
0 0.15627799479166668 0.31044803921568626 0.16430436197916667 0.00548921568627451 0.14051920572916668 0.00838186274509804 0.13292838541666666 0.30934926470588237 0.15627799479166668 0.31044803921568626
1 0.3038385416666667 0.9227987745098039 0.32679915364583334 0.0044039215686274506 0.30395572916666663 0.006112990196078431 0.28166959635416666 0.9233950980392157 0.3038385416666667 0.9227987745098039
1 0.33075781249999997 0.9269723039215686 0.3465927734375 0.006236274509803921 0.3252158203125 0.005043627450980392 0.30395572916666663 0.9237928921568627 0.33075781249999997 0.9269723039215686