4 0.10288736979166667 0.9030041666666667 0.13199348958333332 0.5176656862745098 0.10801888020833333 0.5173414215686275 0.0784755859375 0.9044181372549019 0.10288736979166667 0.9030041666666667
3 0.12145149739583333 0.8651823529411765 0.1371484375 0.7270975490196079 0.11331380208333335 0.7256776960784314 0.10432779947916666 0.8657196078431373 0.12145149739583333 0.8651823529411765
2 0.14642415364583333 0.9027928921568628 0.15926692708333332 0.7292468137254903 0.13829622395833333 0.7276931372549019 0.12287858072916667 0.9011811274509803 0.14642415364583333 0.9027928921568628
5 0.16782877604166668 0.866256862745098 0.180671875 0.7287095588235295 0.1597099609375 0.7297085784313725 0.14571061197916665 0.8657196078431373 0.16782877604166668 0.866256862745098
11 0.18637988281249998 0.8581975490196079 0.19922298177083334 0.7297840686274509 0.18290787760416669 0.7290367647058823 0.16782877604166668 0.8538990196078431 0.18637988281249998 0.8581975490196079
7 0.20279036458333333 0.9130014705882352 0.22134114583333334 0.7340823529411765 0.1998603515625 0.7317240196078432 0.180671875 0.9124642156862744 0.20279036458333333 0.9130014705882352
8 0.23275716145833333 0.8641078431372549 0.254162109375 0.6115794117647059 0.22751953125000002 0.6114718137254902 0.20921191406249998 0.863570343137255 0.23275716145833333 0.8641078431372549
12 0.20778483072916668 0.7286899509803921 0.2199140625 0.6298276960784314 0.1445419921875 0.6242360294117647 0.13286751302083333 0.7217051470588235 0.20778483072916668 0.7286899509803921
6 0.256302734375 0.6110029411764706 0.25701627604166666 0.5690938725490196 0.17130891927083333 0.5637740196078431 0.16782877604166668 0.6056299019607843 0.256302734375 0.6110029411764706
6 0.2555891927083333 0.5653328431372548 0.2591565755208333 0.5244985294117648 0.17844661458333333 0.5221225490196079 0.1756774088541667 0.5604970588235294 0.2555891927083333 0.5653328431372548
9 0.1357216796875 0.47717745098039216 0.17781803385416664 0.015025735294117647 0.1543564453125 0.0135703431372549 0.11146256510416667 0.4766399509803922 0.1357216796875 0.47717745098039216
10 0.15783984375000001 0.4782323529411765 0.1977958984375 0.012857107843137256 0.17781803385416664 0.012857107843137256 0.13651171874999998 0.47644019607843135 0.15783984375000001 0.4782323529411765
0 0.19494173177083332 0.3105573529411765 0.22348177083333332 0.014468872549019608 0.19993619791666664 0.013931617647058823 0.17220117187499998 0.3078183823529411 0.19494173177083332 0.3105573529411765
1 0.3048203125 0.9242848039215686 0.3811647135416667 0.01606127450980392 0.35778580729166665 0.014913970588235294 0.2819886067708333 0.9242848039215686 0.3048203125 0.9242848039215686
1 0.3290794270833333 0.9270299019607844 0.4047099609375 0.015006127450980393 0.3818759765625 0.015585784313725492 0.30410709635416666 0.9264926470588236 0.3290794270833333 0.9270299019607844