4 0.13913509114583333 0.9044593137254902 0.11826790364583334 0.5461808823529412 0.09602832031250001 0.5471507352941176 0.10908626302083334 0.9076022058823529 0.13913509114583333 0.9044593137254902
3 0.15467415364583334 0.8680791666666666 0.14712760416666668 0.737888725490196 0.1269716796875 0.7397546568627451 0.12997623697916666 0.8685958333333333 0.15467415364583334 0.8680791666666666
2 0.175255859375 0.9026933823529412 0.17319759114583333 0.7394384803921569 0.14841959635416666 0.7397546568627451 0.15124381510416665 0.9042431372549019 0.175255859375 0.9026933823529412
5 0.1924072265625 0.8634294117647059 0.18897688802083334 0.7409884803921569 0.16976725260416667 0.7399551470588235 0.17251171875000001 0.8649794117647058 0.1924072265625 0.8634294117647059
11 0.20887044270833333 0.866584068627451 0.20338151041666666 0.7389039215686275 0.1883831380208333 0.7403321078431372 0.19057356770833334 0.866584068627451 0.20887044270833333 0.866584068627451
7 0.23082682291666667 0.9051637254901961 0.225337890625 0.7384446078431373 0.20439973958333335 0.7386093137254901 0.20948046875 0.9060823529411764 0.23082682291666667 0.9051637254901961
8 0.24973372395833335 0.863828431372549 0.24424479166666668 0.6240835784313725 0.21965332031249998 0.6254806372549019 0.23021712239583333 0.8652063725490196 0.24973372395833335 0.863828431372549
6 0.243634765625 0.6268392156862744 0.24241503906249998 0.5832073529411764 0.1487236328125 0.5841343137254902 0.15093001302083334 0.6277575980392157 0.243634765625 0.6268392156862744
12 0.2131399739583333 0.7370666666666666 0.21009016927083335 0.6424546568627452 0.137283203125 0.6432825980392156 0.139341796875 0.7375259803921569 0.2131399739583333 0.7370666666666666
9 0.11494596354166665 0.5100811274509803 0.10396777343750001 0.06357573529411766 0.084658203125 0.06443161764705882 0.09420930989583333 0.5100811274509803 0.11494596354166665 0.5100811274509803
10 0.14117154947916666 0.5069164215686275 0.12592415364583334 0.06131274509803922 0.10396777343750001 0.0626906862745098 0.11592805989583332 0.5083323529411765 0.14117154947916666 0.5069164215686275
0 0.15458951822916667 0.345625 0.148490234375 0.06036078431372549 0.12592415364583334 0.06357573529411766 0.1334697265625 0.3440948529411765 0.15458951822916667 0.345625
1 0.3253616536458333 0.9134475490196078 0.297916015625 0.05347156862745098 0.27685481770833337 0.05466936274509804 0.3034052734375 0.913906862745098 0.3253616536458333 0.9134475490196078
1 0.34731803385416665 0.9116438725490196 0.3186526692708333 0.05348823529411765 0.2982099609375 0.05409509803921569 0.32414192708333334 0.9107254901960785 0.34731803385416665 0.9116438725490196