4 0.17420073529411764 0.16357877604166668 0.5089924019607843 0.15634895833333332 0.5089924019607843 0.1373701171875 0.17624215686274508 0.14098502604166666 0.17420073529411764 0.16357877604166668
3 0.20550220588235293 0.1780390625 0.33343088235294116 0.17713509114583334 0.33343088235294116 0.15906022135416667 0.20822426470588234 0.161771484375 0.20550220588235293 0.1780390625
2 0.17283970588235295 0.1988251953125 0.33615269607843135 0.19430631510416665 0.3354723039215686 0.174423828125 0.17352009803921567 0.18075032552083334 0.17283970588235295 0.1988251953125
5 0.20550220588235293 0.2114775390625 0.33206985294117647 0.20876660156250001 0.33206985294117647 0.19159505208333336 0.2075436274509804 0.19792154947916665 0.20550220588235293 0.2114775390625
11 0.2102656862745098 0.22593782552083333 0.33411127450980393 0.22413020833333333 0.33343088235294116 0.20786263020833332 0.21230710784313725 0.2114775390625 0.2102656862745098 0.22593782552083333
7 0.1626325980392157 0.24762760416666665 0.33206985294117647 0.24130143229166667 0.33206985294117647 0.22232259114583333 0.1639936274509804 0.22593782552083333 0.1626325980392157 0.24762760416666665
8 0.21094607843137253 0.26118391927083334 0.44026495098039214 0.25485774739583333 0.4382235294117647 0.23859016927083332 0.2129875 0.2458203125 0.21094607843137253 0.26118391927083334
12 0.33343088235294116 0.22593782552083333 0.42257254901960783 0.2277451171875 0.4205311274509804 0.17171256510416666 0.33343088235294116 0.17171256510416666 0.33343088235294116 0.22593782552083333
6 0.4409453431372549 0.25847265625 0.47701029411764706 0.25666536458333333 0.4763299019607843 0.1825576171875 0.43754289215686276 0.184365234375 0.4409453431372549 0.25847265625
6 0.4804127450980392 0.25395410156250003 0.5205605392156863 0.25485774739583333 0.5178384803921569 0.18526888020833332 0.47701029411764706 0.18346126302083332 0.4804127450980392 0.25395410156250003
9 0.5470987745098039 0.15183007812500002 0.925440931372549 0.14821516927083334 0.9227188725490196 0.1310439453125 0.5477794117647059 0.13827376302083333 0.5470987745098039 0.15183007812500002
10 0.5464183823529413 0.17171256510416666 0.9281627450980392 0.16086751302083332 0.924760294117647 0.14911881510416666 0.5457379901960784 0.15363769531250002 0.5464183823529413 0.17171256510416666
0 0.6906781862745098 0.184365234375 0.9329259803921569 0.1798463541666667 0.9274823529411765 0.161771484375 0.6899977941176471 0.16900130208333333 0.6906781862745098 0.184365234375
1 0.15690294117647058 0.32896516927083336 0.9550958333333334 0.29733398437499997 0.9530544117647058 0.28106640625 0.1585497549019608 0.30908268229166663 0.15690294117647058 0.32896516927083336
1 0.15622254901960786 0.34794401041666667 0.9591786764705883 0.31450520833333334 0.9544151960784314 0.2982376302083333 0.15894436274509804 0.329869140625 0.15622254901960786 0.34794401041666667
1 0.1540313725490196 0.3669228515625 0.9610703431372549 0.3352916666666667 0.9610703431372549 0.3154091796875 0.15486151960784314 0.34884765625 0.1540313725490196 0.3669228515625