4 0.9343037109375 0.44801176470588233 0.9288870442708334 0.044181372549019604 0.9076839192708334 0.048622303921568626 0.9081223958333333 0.4500512254901961 0.9343037109375 0.44801176470588233
3 0.9072197265624999 0.22434142156862744 0.9072197265624999 0.08429264705882353 0.8884915364583333 0.08602401960784314 0.8855524088541666 0.2318198529411765 0.9072197265624999 0.22434142156862744
2 0.8877646484375 0.23263357843137256 0.8877646484375 0.04616519607843138 0.8580208333333333 0.047203921568627454 0.8603193359375 0.22849999999999998 0.8877646484375 0.23263357843137256
5 0.8603193359375 0.23079632352941176 0.8597093098958334 0.08841911764705883 0.8412415364583333 0.08912475490196078 0.8395826822916667 0.23033725490196078 0.8603193359375 0.23079632352941176
11 0.8395826822916667 0.23079632352941176 0.8408024088541667 0.09944191176470589 0.8225055338541667 0.09944191176470589 0.8200657552083334 0.2294186274509804 0.8395826822916667 0.23079632352941176
7 0.8212854817708334 0.2294186274509804 0.82067578125 0.04249093137254902 0.7987194010416667 0.042031617647058823 0.8000566406249999 0.22981764705882352 0.8212854817708334 0.2294186274509804
8 0.7767626953125001 0.10265686274509803 0.773103515625 0.35709877450980393 0.7987194010416667 0.3552617647058824 0.7962431640625001 0.10233259803921568 0.7767626953125001 0.10265686274509803
12 0.8096975911458334 0.34701151960784316 0.8926438802083334 0.34701151960784316 0.89325390625 0.2349468137254902 0.8084778645833333 0.2354058823529412 0.8096975911458334 0.34701151960784316
6 0.7767626953125001 0.4053737745098039 0.8670279947916667 0.40583284313725493 0.8670279947916667 0.3571490196078431 0.7810322265625 0.35623063725490195 0.7767626953125001 0.4053737745098039
6 0.7785924479166666 0.44716838235294115 0.8621490885416666 0.4457904411764706 0.8615390625 0.4062921568627451 0.7802268880208333 0.4078372549019608 0.7785924479166666 0.44716838235294115
9 0.9280182291666667 0.9704071078431372 0.9322874348958333 0.4917688725490196 0.9075950520833334 0.4905303921568627 0.9054518229166666 0.9722443627450981 0.9280182291666667 0.9704071078431372
10 0.9042320963541667 0.9736223039215686 0.909111328125 0.48947230392156865 0.8839518229166666 0.4922531862745098 0.8792262369791667 0.9740813725490196 0.9042320963541667 0.9736223039215686
0 0.8828854166666668 0.9754426470588236 0.8853251953125 0.667264705882353 0.8595458984375001 0.6662529411764706 0.8560498046874999 0.9745240196078432 0.8828854166666668 0.9754426470588236
1 0.716095703125 0.9785821078431372 0.71540625 0.040348284313725495 0.6930865885416666 0.03907401960784314 0.6919680989583333 0.9785821078431372 0.716095703125 0.9785821078431372
1 0.6933466796875 0.9786009803921568 0.6912786458333334 0.03877205882352941 0.6698115234375001 0.03777598039215686 0.6678404947916667 0.9796392156862744 0.6933466796875 0.9786009803921568