4 0.8488274739583334 0.4654754901960785 0.8719156901041667 0.07303602941176471 0.8455432942708333 0.07527941176470587 0.8211214192708334 0.46497892156862747 0.8488274739583334 0.4654754901960785
3 0.8362936197916667 0.25335955882352945 0.8442096354166666 0.10929926470588235 0.8191458333333334 0.10819852941176471 0.8145247395833333 0.2518691176470588 0.8362936197916667 0.25335955882352945
2 0.8132054036458333 0.25087573529411766 0.8244195963541667 0.06806838235294117 0.8026474609375001 0.06906813725490196 0.7907766927083334 0.24988210784313725 0.8132054036458333 0.25087573529411766
5 0.7868186848958333 0.24988210784313725 0.8000120442708334 0.11128651960784314 0.7778997395833334 0.11130416666666666 0.7709866536458333 0.24888872549019608 0.7868186848958333 0.24988210784313725
11 0.7723059895833333 0.2518691176470588 0.7802220052083334 0.1132735294117647 0.7591126302083334 0.11426691176470588 0.7558141276041667 0.25037892156862745 0.7723059895833333 0.2518691176470588
7 0.7544947916666667 0.2478950980392157 0.7591126302083334 0.05564950980392157 0.7406419270833333 0.05415906862745098 0.7292294921875001 0.24794975490196078 0.7544947916666667 0.2478950980392157
8 0.7215113932291667 0.3715700980392157 0.7380032552083334 0.10878455882352941 0.7110810546874999 0.11006176470588236 0.6977633463541667 0.3705764705882353 0.7215113932291667 0.3715700980392157
12 0.7380032552083334 0.36511225490196075 0.8132054036458333 0.3670992647058824 0.8178229166666666 0.2523477941176471 0.7424280598958334 0.25105514705882354 0.7380032552083334 0.36511225490196075
6 0.6990826822916666 0.4193132352941176 0.7841800130208334 0.4213002450980392 0.7854993489583334 0.37708872549019606 0.7028320312499999 0.37279411764705883 0.6990826822916666 0.4193132352941176
6 0.7056793619791667 0.46203455882352945 0.7795621744791666 0.46352475490196077 0.7822008463541666 0.420803431372549 0.7056793619791667 0.4188164215686274 0.7056793619791667 0.46203455882352945
9 0.8105667317708334 0.9658384803921569 0.8428902994791666 0.5067970588235294 0.819970703125 0.5075762254901961 0.7901168619791666 0.9658384803921569 0.8105667317708334 0.9658384803921569
10 0.7894573567708334 0.9668502450980392 0.8198020833333333 0.5057674019607843 0.7952229817708334 0.5069551470588235 0.7683479817708333 0.9678436274509804 0.7894573567708334 0.9668502450980392
0 0.7705162760416666 0.9687580882352941 0.7891266276041667 0.6755323529411765 0.765306640625 0.678132843137255 0.7461793619791667 0.9676801470588235 0.7705162760416666 0.9687580882352941
1 0.6323694661458333 0.046358088235294116 0.5901380208333333 0.9768602941176471 0.6140354817708333 0.9739987745098039 0.66028515625 0.0490531862745098 0.6323694661458333 0.046358088235294116
1 0.6101800130208334 0.04364338235294118 0.5679485677083334 0.9752629901960784 0.5898681640625 0.9739987745098039 0.6359482421875 0.046338480392156864 0.6101800130208334 0.04364338235294118