4 0.045880392156862744 0.12499088541666666 0.44397524509803926 0.10750162760416666 0.44242622549019606 0.0817822265625 0.04745759803921569 0.09544498697916666 0.045880392156862744 0.12499088541666666
3 0.0800517156862745 0.14565559895833333 0.23283210784313726 0.13635416666666667 0.2334688725490196 0.112677734375 0.08199362745098039 0.12285384114583332 0.0800517156862745 0.14565559895833333
2 0.04822230392156863 0.17017740885416666 0.22964926470588237 0.16510384114583335 0.22773946078431373 0.13889095052083333 0.04935539215686274 0.14294173177083333 0.04822230392156863 0.17017740885416666
5 0.08930196078431372 0.18782617187499998 0.23706495098039215 0.18247298177083335 0.23728823529411763 0.16425813802083333 0.08960049019607844 0.16594954427083333 0.08930196078431372 0.18782617187499998
11 0.0906453431372549 0.20745345052083333 0.23437818627450982 0.1998701171875 0.23370661764705883 0.18202701822916667 0.0906453431372549 0.19050260416666667 0.0906453431372549 0.20745345052083333
7 0.041614950980392154 0.23287988281250002 0.23337083333333333 0.22574251302083334 0.23337083333333333 0.20076236979166664 0.042414950980392156 0.20703580729166668 0.041614950980392154 0.23287988281250002
8 0.08180049019607842 0.25455078125 0.3515730392156862 0.24743847656249998 0.35033749999999997 0.22008430989583336 0.08189044117647058 0.23157682291666667 0.08180049019607842 0.25455078125
12 0.23295588235294118 0.21212825520833334 0.32397843137254906 0.20720475260416668 0.3231546568627451 0.1344423828125 0.22970857843137255 0.13831282552083332 0.23295588235294118 0.21212825520833334
6 0.3521127450980392 0.24973372395833335 0.39865367647058825 0.24699804687500002 0.3990654411764706 0.15399381510416668 0.3517735294117647 0.15609798177083334 0.3521127450980392 0.24973372395833335
6 0.39824166666666666 0.24699804687500002 0.4468419117647059 0.24590397135416667 0.4468419117647059 0.1523525390625 0.3976122549019608 0.1540458984375 0.39824166666666666 0.24699804687500002
9 0.4838752450980392 0.10687923177083335 0.990294362745098 0.098537109375 0.9897232843137255 0.07275227864583333 0.48620539215686276 0.08268522135416666 0.4838752450980392 0.10687923177083335
10 0.48472279411764707 0.1307900390625 0.9902377450980392 0.12256119791666666 0.9883791666666667 0.09787434895833334 0.4849583333333334 0.1082392578125 0.48472279411764707 0.1307900390625
0 0.6656769607843137 0.153220703125 0.9896774509803922 0.14746061197916668 0.989057843137255 0.12112825520833333 0.6670115196078432 0.12984602864583333 0.6656769607843137 0.153220703125
1 0.03567328431372549 0.3340719401041667 0.9913850490196079 0.31547623697916666 0.9923183823529412 0.29192154947916665 0.036180637254901955 0.31032454427083334 0.03567328431372549 0.3340719401041667
1 0.03660637254901961 0.35762695312500004 0.9913850490196079 0.3377913411458333 0.9913850490196079 0.31795572916666665 0.03851470588235294 0.33357584635416665 0.03660637254901961 0.35762695312500004
1 0.03567328431372549 0.381181640625 0.9941850490196079 0.36382552083333336 0.9951183823529411 0.34151041666666665 0.03851470588235294 0.358376953125 0.03567328431372549 0.381181640625