4 0.05092009803921568 0.07382291666666667 0.4481495098039216 0.07558170572916667 0.45013578431372553 0.04919986979166666 0.048018137254901956 0.04420182291666667 0.05092009803921568 0.07382291666666667
3 0.07673995098039216 0.09756705729166666 0.2362938725490196 0.09844628906250001 0.23695588235294118 0.07382291666666667 0.07616666666666666 0.0760888671875 0.07673995098039216 0.09756705729166666
2 0.04951593137254902 0.12246744791666668 0.23464436274509806 0.12123177083333332 0.23557475490196078 0.09528190104166667 0.05118700980392157 0.09826595052083333 0.04951593137254902 0.12246744791666668
5 0.23464436274509806 0.14038541666666668 0.23464436274509806 0.12123177083333332 0.0907404411764706 0.12375944010416667 0.09091397058823529 0.14285677083333334 0.23464436274509806 0.14038541666666668
11 0.23278382352941177 0.16077473958333333 0.2323186274509804 0.13976757812499999 0.10237377450980392 0.14461751302083334 0.10254264705882353 0.16448177083333335 0.23278382352941177 0.16077473958333333
7 0.04951593137254902 0.18548893229166666 0.23185367647058822 0.1836354166666667 0.23185367647058822 0.161392578125 0.04886029411764706 0.1623857421875 0.04951593137254902 0.18548893229166666
8 0.10533357843137256 0.20896744791666666 0.35790833333333333 0.20711393229166666 0.35744338235294115 0.18116373697916666 0.10579877450980392 0.18796028645833332 0.10533357843137256 0.20896744791666666
12 0.34023284313725494 0.16818880208333334 0.34069803921568625 0.08168880208333333 0.23673946078431374 0.08281510416666667 0.23743529411764705 0.16942447916666667 0.34023284313725494 0.16818880208333334
6 0.35972892156862746 0.205251953125 0.4082764705882353 0.20788378906250002 0.40734607843137255 0.11582324218750001 0.35990122549019604 0.11705891927083334 0.35972892156862746 0.205251953125
6 0.4504325980392157 0.20710546875 0.4513629901960784 0.12184114583333333 0.4094953431372549 0.1191240234375 0.40903455882352946 0.20710546875 0.4504325980392157 0.20710546875
9 0.48975073529411767 0.07346875 0.9669916666666667 0.07594010416666667 0.9669916666666667 0.05307942708333333 0.4930068627450981 0.0475185546875 0.48975073529411767 0.07346875
10 0.9669916666666667 0.09632942708333332 0.9669916666666667 0.07470442708333333 0.4886024509803922 0.07199967447916666 0.488993137254902 0.0960224609375 0.9669916666666667 0.09632942708333332
0 0.6653894607843138 0.1181083984375 0.9695955882352941 0.12119759114583334 0.9695955882352941 0.0983369140625 0.6654301470588235 0.0944033203125 0.6653894607843138 0.1181083984375
1 0.042465196078431376 0.28940983072916665 0.9718156862745098 0.28603938802083334 0.9694095588235294 0.25975976562499997 0.04326421568627451 0.26568522135416667 0.042465196078431376 0.28940983072916665
1 0.041196323529411764 0.31187890625 0.9711941176470589 0.30626171875 0.9703482843137256 0.28435449218750003 0.04283700980392157 0.2888046875 0.041196323529411764 0.31187890625