4 0.13789975490196077 0.11417024739583333 0.49518578431372545 0.13438802083333332 0.4978723039215686 0.1094130859375 0.13789975490196077 0.08681705729166667 0.13789975490196077 0.11417024739583333
2 0.13674852941176469 0.15468033854166666 0.30228627450980394 0.16163248697916668 0.3029404411764706 0.14338346354166667 0.13871151960784314 0.13382454427083332 0.13674852941176469 0.15468033854166666
3 0.1714264705882353 0.13295572916666668 0.30228627450980394 0.14077669270833335 0.30424926470588237 0.12165885416666666 0.17404362745098037 0.11557584635416666 0.1714264705882353 0.13295572916666668
5 0.16946348039215686 0.17292936197916667 0.301631862745098 0.1790120442708333 0.30359485294117644 0.1642392578125 0.1714264705882353 0.159025390625 0.16946348039215686 0.17292936197916667
11 0.1714264705882353 0.18944010416666668 0.29966911764705884 0.1981298828125 0.3009776960784314 0.18075032552083334 0.17338921568627452 0.17292936197916667 0.1714264705882353 0.18944010416666668
7 0.12758823529411764 0.21203385416666667 0.29901470588235296 0.21811686197916666 0.3009776960784314 0.1981298828125 0.1288970588235294 0.19030891927083335 0.12758823529411764 0.21203385416666667
8 0.1786237745098039 0.23462760416666664 0.4109 0.249400390625 0.4109 0.22854459635416668 0.18058651960784314 0.21377180989583333 0.1786237745098039 0.23462760416666664
12 0.3009776960784314 0.20768880208333332 0.39454240196078433 0.21290299479166666 0.39715955882352943 0.14338346354166667 0.3009776960784314 0.13990755208333333 0.3009776960784314 0.20768880208333332
6 0.4109 0.2537454427083333 0.45342941176470586 0.2563525390625 0.45800955882352945 0.1685843098958333 0.4167887254901961 0.16771516927083333 0.4109 0.2537454427083333
6 0.452775 0.2537454427083333 0.49726740196078434 0.25722135416666664 0.5018475490196078 0.170322265625 0.45800955882352945 0.16684635416666668 0.452775 0.2537454427083333
9 0.5358710784313725 0.13469368489583333 0.9624742647058824 0.1642392578125 0.963128431372549 0.14599055989583334 0.537834068627451 0.11557584635416666 0.5358710784313725 0.13469368489583333
10 0.5352166666666667 0.15641829427083334 0.9624742647058824 0.1868330078125 0.9624742647058824 0.1651083984375 0.5352166666666667 0.13730045572916666 0.5352166666666667 0.15641829427083334
0 0.6942115196078431 0.1868330078125 0.9637828431372549 0.20681998697916668 0.9650914215686274 0.18857096354166666 0.6948656862745098 0.1685843098958333 0.6942115196078431 0.1868330078125
1 0.11859166666666666 0.3059573567708333 0.9616835784313725 0.3566484375 0.963046568627451 0.3322080078125 0.12336274509803921 0.28423242187500003 0.11859166666666666 0.3059573567708333
1 0.11859166666666666 0.3285872395833333 0.9610019607843137 0.37565755208333335 0.9610019607843137 0.3548382161458334 0.11995490196078432 0.30505208333333333 0.11859166666666666 0.3285872395833333
1 0.11859166666666666 0.34850162760416664 0.9610019607843137 0.39738248697916667 0.9623651960784313 0.37565755208333335 0.11927328431372548 0.32768196614583334 0.11859166666666666 0.34850162760416664