4 0.11556477864583332 0.8950710784313726 0.11762304687500001 0.5432465686274509 0.09780240885416668 0.5446742647058824 0.09292513020833333 0.8955877450980392 0.11556477864583332 0.8950710784313726
3 0.13683235677083333 0.862006862745098 0.13683235677083333 0.7359492647058823 0.11753450520833332 0.7384625 0.11556477864583332 0.862006862745098 0.13683235677083333 0.862006862745098
2 0.15878645833333332 0.9017872549019608 0.15878645833333332 0.7395656862745098 0.138982421875 0.7384625 0.13408821614583333 0.9033372549019608 0.15878645833333332 0.9017872549019608
5 0.17387955729166668 0.8640732843137254 0.173193359375 0.7395656862745098 0.15672819010416666 0.7400823529411765 0.15878645833333332 0.8661399509803922 0.17387955729166668 0.8640732843137254
11 0.19308919270833333 0.862006862745098 0.19308919270833333 0.7374992647058823 0.1741572265625 0.7397546568627451 0.17593782552083334 0.8671732843137255 0.19308919270833333 0.862006862745098
7 0.2122985026041667 0.9028205882352941 0.2088681640625 0.7390490196078432 0.19560514322916667 0.7358786764705882 0.19446126302083333 0.9064370098039215 0.2122985026041667 0.9028205882352941
8 0.23288020833333334 0.8583904411764707 0.2397408854166667 0.6248740196078431 0.21447916666666667 0.6267112745098039 0.2088681640625 0.8609735294117646 0.23288020833333334 0.8583904411764707
12 0.2020078125 0.7380159313725491 0.2020078125 0.6372730392156863 0.1338349609375 0.6389845588235293 0.13408821614583333 0.7400823529411765 0.2020078125 0.7380159313725491
6 0.236310546875 0.6258507352941176 0.23836881510416666 0.5860703431372549 0.15614095052083335 0.5840779411764706 0.1560419921875 0.6253340686274509 0.236310546875 0.6258507352941176
6 0.2349384765625 0.5834872549019609 0.236310546875 0.5457732843137255 0.15528287760416667 0.545320343137255 0.1560419921875 0.5845203431372549 0.2349384765625 0.5834872549019609
9 0.1189951171875 0.5054384803921568 0.1244833984375 0.06622818627450981 0.10733203125 0.06622818627450981 0.09694466145833334 0.5046247549019608 0.1189951171875 0.5054384803921568
10 0.14094889322916668 0.5049029411764706 0.149181640625 0.06827598039215686 0.12722786458333332 0.06672598039215687 0.11667675781249999 0.5052705882352941 0.14094889322916668 0.5049029411764706
0 0.16290266927083333 0.3478100490196079 0.1697630208333333 0.06521372549019608 0.14756184895833332 0.06730906862745098 0.14300716145833334 0.3472933823529412 0.16290266927083333 0.3478100490196079
1 0.304916015625 0.911640931372549 0.31863704427083334 0.06209509803921569 0.29512337239583336 0.06472524509803922 0.2815901692708333 0.9121575980392157 0.304916015625 0.911640931372549
1 0.3241256510416667 0.9131720588235295 0.3399049479166667 0.06108088235294118 0.3200029296875 0.06214142156862745 0.304916015625 0.9157551470588235 0.3241256510416667 0.9131720588235295