4 0.11819411764705882 0.158037109375 0.4743735294117647 0.1293994140625 0.4703803921568628 0.10924707031250001 0.11579828431372549 0.137884765625 0.11819411764705882 0.158037109375
3 0.14295098039215687 0.17288639322916666 0.2890963235294117 0.15909765625 0.28590196078431374 0.14000618489583333 0.1437495098039216 0.1569765625 0.14295098039215687 0.17288639322916666
2 0.11180514705882354 0.19197786458333332 0.2874990196078432 0.18137141927083333 0.2851031862745098 0.16015852864583333 0.11180514705882354 0.17500748697916668 0.11180514705882354 0.19197786458333332
5 0.15149485294117648 0.20493001302083333 0.28350612745098036 0.19409928385416667 0.2843046568627451 0.17925032552083334 0.1525343137254902 0.1887958984375 0.15149485294117648 0.20493001302083333
11 0.15037254901960784 0.21834374999999998 0.2850345588235294 0.20791080729166667 0.28447352941176474 0.19151627604166666 0.15261691176470588 0.20493001302083333 0.15037254901960784 0.21834374999999998
7 0.10885171568627451 0.24293522135416667 0.2867178921568627 0.22505045572916668 0.28615686274509805 0.20716569010416666 0.10997401960784314 0.22430533854166668 0.10885171568627451 0.24293522135416667
8 0.16159436274509803 0.25783919270833333 0.40286397058823525 0.236228515625 0.40061960784313727 0.21536295572916667 0.16271666666666668 0.23920930989583333 0.16159436274509803 0.25783919270833333
12 0.28615686274509805 0.20791080729166667 0.38322573529411763 0.2026943359375 0.3809813725490196 0.14754947916666666 0.28615686274509805 0.15351106770833334 0.28615686274509805 0.20791080729166667
6 0.40174166666666666 0.23473795572916667 0.4438235294117647 0.2325022786458333 0.43877377450980387 0.16245345052083335 0.39781397058823526 0.1669248046875 0.40174166666666666 0.23473795572916667
6 0.4443848039215686 0.23101204427083333 0.4881497549019608 0.22877636718750002 0.485344362745098 0.16096321614583334 0.4398960784313726 0.16468912760416668 0.4443848039215686 0.23101204427083333
9 0.5105936274509805 0.122212890625 0.9022355392156863 0.0953857421875 0.8971857843137255 0.0789912109375 0.5105936274509805 0.10805403645833334 0.5105936274509805 0.122212890625
10 0.5128379901960785 0.1393525390625 0.9061632352941177 0.11028971354166667 0.902796568627451 0.09464029947916668 0.5100323529411764 0.1244482421875 0.5128379901960785 0.1393525390625
0 0.6632105392156863 0.14680436197916666 0.9117742647058824 0.12742936197916668 0.9072855392156862 0.11177994791666666 0.6604051470588235 0.12742936197916668 0.6632105392156863 0.14680436197916666
1 0.09748823529411765 0.3321780598958333 0.9439906862745098 0.24470800781250002 0.9377181372549019 0.22804687499999998 0.10114191176470588 0.3123932291666667 0.09748823529411765 0.3321780598958333
1 0.09637475490196079 0.35404557291666666 0.9486321078431372 0.26241015625 0.9431438725490197 0.24470800781250002 0.0990563725490196 0.3321780598958333 0.09637475490196079 0.35404557291666666
1 0.0990406862745098 0.37278906250000005 0.9525524509803922 0.2821949869791667 0.9478480392156863 0.26345149739583335 0.10029509803921569 0.3550869140625 0.0990406862745098 0.37278906250000005