4 0.8547255859375 0.09294362745098039 0.84991015625 0.48337524509803925 0.8721643880208334 0.48152132352941174 0.8828160807291666 0.09173504901960784 0.8547255859375 0.09294362745098039
3 0.838673828125 0.13525049019607843 0.8322532552083333 0.27184117647058825 0.8540989583333333 0.27521985294117646 0.8579358723958334 0.13404166666666667 0.838673828125 0.13525049019607843
2 0.8330556640625 0.2712367647058823 0.8346608072916667 0.09294362745098039 0.8139531249999999 0.09687867647058823 0.8089781901041667 0.27184117647058825 0.8330556640625 0.2712367647058823
5 0.807373046875 0.27486299019607846 0.8121884765625 0.13706372549019608 0.7948841145833333 0.13844117647058823 0.7905185546875 0.2760718137254902 0.807373046875 0.27486299019607846
11 0.7929264322916666 0.2706323529411765 0.7929264322916666 0.1364593137254902 0.7748111979166666 0.14070808823529413 0.7736643880208334 0.27244558823529413 0.7929264322916666 0.2706323529411765
7 0.7720592447916667 0.2712367647058823 0.776072265625 0.08085612745098039 0.747712890625 0.08554338235294118 0.7503893229166666 0.2706323529411765 0.7720592447916667 0.2712367647058823
8 0.7303245442708333 0.14612941176470587 0.7198909505208334 0.3939264705882353 0.7463763020833333 0.39332230392156864 0.7495865885416667 0.14733823529411763 0.7303245442708333 0.14612941176470587
12 0.7576126302083334 0.37639950980392156 0.8466998697916667 0.37942132352941177 0.8483050130208333 0.27667622549019605 0.7648359375 0.2742585784313725 0.7576126302083334 0.37639950980392156
6 0.7239039713541667 0.4386730392156863 0.8097809244791666 0.4374642156862745 0.8097809244791666 0.3945529411764706 0.7247063802083332 0.39273995098039216 0.7239039713541667 0.4386730392156863
6 0.7231012369791667 0.48218848039215684 0.8129912109375 0.4833973039215686 0.8145963541666666 0.43988161764705885 0.7196110026041667 0.4384473039215686 0.7231012369791667 0.48218848039215684
9 0.8555283203125 0.9923762254901961 0.871580078125 0.522165931372549 0.8520914713541666 0.5230838235294117 0.8346608072916667 0.9935848039215687 0.8555283203125 0.9923762254901961
10 0.8354635416666666 0.9929803921568627 0.84991015625 0.5215615196078431 0.8239895833333333 0.5238394607843136 0.8113860677083333 0.9947936274509803 0.8354635416666666 0.9929803921568627
0 0.8097809244791666 0.9936068627450981 0.8250299479166667 0.6968546568627451 0.7988987630208334 0.695379411764706 0.7881110026041668 0.9923982843137256 0.8097809244791666 0.9936068627450981
1 0.6532760416666666 0.08137230392156863 0.6291985677083333 0.9948156862745098 0.6543743489583334 0.9961414215686275 0.6773538411458334 0.0819767156862745 0.6532760416666666 0.08137230392156863
1 0.6267906901041667 0.08020759803921569 0.6075286458333333 0.9960245098039217 0.629283203125 0.9961414215686275 0.6532760416666666 0.08141642156862744 0.6267906901041667 0.08020759803921569