4 0.27410539215686275 0.07855794270833334 0.3542941176470588 0.021057942708333333
3 0.19361029411764705 0.09799804687500001 0.133546568627451 0.021057942708333315
2 0.17988970588235295 0.12269856770833333 0.16586519607843137 0.023486328124999994
5 0.20092892156862743 0.13768229166666665 0.12012990196078434 0.021057942708333315
11 0.202453431372549 0.15711914062500001 0.11708088235294119 0.016197916666666663
7 0.17501225490196076 0.17655598958333332 0.16952450980392153 0.016197916666666663
8 0.2533725490196078 0.19558919270833333 0.2347720588235294 0.01862630208333334
12 0.31130147058823526 0.13930013020833334 0.09939705882352941 0.07289062499999999
9 0.7055367647058823 0.08139322916666666 0.43051715686274517 0.02348632812500001
10 0.705843137254902 0.10042643229166666 0.4299093137254901 0.02105794270833335
6 0.39332107843137254 0.16805338541666667 0.04024754901960785 0.07694010416666669
6 0.43387254901960787 0.1668359375 0.04207598039215688 0.07775065104166666
0 0.7842009803921568 0.12107747395833333 0.2719705882352942 0.021868489583333317
1 0.5055514705882354 0.267490234375 0.8382377450980393 0.02166015624999999
1 0.5079975490196079 0.289150390625 0.8414999999999999 0.02166015624999999
1 0.5071838235294117 0.31027018229166664 0.8447622549019608 0.02057617187500001