4 0.9103600260416668 0.44647843137254906 0.9122376302083333 0.030737254901960786 0.8840703125 0.030737254901960786 0.8829371744791666 0.44573406862745096 0.9103600260416668 0.44647843137254906
3 0.8868870442708333 0.22800220588235295 0.8803147786458334 0.07033161764705882 0.8634140625 0.0696247549019608 0.8641513671875 0.22737573529411764 0.8868870442708333 0.22800220588235295
2 0.8643531901041667 0.2244671568627451 0.86059765625 0.028616176470588235 0.8390026041666667 0.02790906862745098 0.8371246744791666 0.2202247549019608 0.8643531901041667 0.2244671568627451
5 0.8380634765625 0.2244671568627451 0.83994140625 0.07810906862745098 0.8183606770833333 0.08062475490196079 0.8183463541666667 0.2258811274509804 0.8380634765625 0.2244671568627451
11 0.8183463541666667 0.2230529411764706 0.8183463541666667 0.08164436274509804 0.7958124999999999 0.08447254901960785 0.7995748697916666 0.22207132352941178 0.8183463541666667 0.2230529411764706
7 0.7714007161458333 0.03003014705882353 0.7779729817708333 0.2272950980392157 0.7995748697916666 0.22295539215686275 0.7986292317708333 0.02790906862745098 0.7714007161458333 0.03003014705882353
8 0.7451110026041667 0.08871470588235295 0.7488668619791666 0.35244191176470585 0.7760924479166667 0.3493735294117647 0.7732783203125 0.0894218137254902 0.7451110026041667 0.08871470588235295
12 0.7826676432291667 0.3411549019607843 0.8746813151041667 0.3439830882352941 0.877498046875 0.2280279411764706 0.7843111979166667 0.22914362745098038 0.7826676432291667 0.3411549019607843
6 0.7541432291666667 0.3979732843137255 0.8413548177083333 0.3984169117647059 0.842533203125 0.35271151960784314 0.7553219401041668 0.3522676470588235 0.7541432291666667 0.3979732843137255
6 0.758857421875 0.44412254901960785 0.8389977213541666 0.44412254901960785 0.8389977213541666 0.3988607843137255 0.7575149739583332 0.39958799019607844 0.758857421875 0.44412254901960785
9 0.8825953776041667 0.48718063725490196 0.8746458333333332 0.961798774509804 0.8992180989583334 0.961627205882353 0.9071669921875 0.48500367647058823 0.8825953776041667 0.48718063725490196
10 0.8717548828125 0.9656281862745097 0.8833180338541666 0.48554534313725495 0.8585501302083333 0.48734607843137256 0.850796875 0.9650838235294118 0.8717548828125 0.9656281862745097
0 0.85151953125 0.9694178921568627 0.8601917317708333 0.6597556372549019 0.8359567057291667 0.6622242647058824 0.8276705729166666 0.9694178921568627 0.85151953125 0.9694178921568627
1 0.6888173828125 0.9729558823529412 0.6932705078125 0.027122058823529412 0.6682259114583333 0.027001470588235293 0.6656617838541666 0.9709438725490196 0.6888173828125 0.9729558823529412
1 0.6638805338541667 0.9709438725490196 0.6718958333333332 0.027122058823529412 0.6448382161458334 0.027001470588235293 0.640724609375 0.9729558823529412 0.6638805338541667 0.9709438725490196