4 0.14864811197916666 0.9026473039215686 0.13071354166666668 0.5348463235294117 0.11064160156250001 0.5354142156862745 0.12055045572916667 0.9030975490196078 0.14864811197916666 0.9026473039215686
3 0.16299576822916667 0.8697838235294117 0.15761555989583334 0.7378796568627451 0.13979720052083333 0.7363634803921568 0.14446354166666667 0.870684068627451 0.16299576822916667 0.8697838235294117
2 0.18391959635416666 0.9026473039215686 0.18033268229166666 0.7374294117647059 0.159234375 0.7391779411764706 0.16359375 0.9039977941176471 0.18391959635416666 0.9026473039215686
5 0.2030498046875 0.8616803921568628 0.19826725260416667 0.7365291666666667 0.18016666666666667 0.7386149509803922 0.185115234375 0.8639313725490196 0.2030498046875 0.8616803921568628
11 0.22038671875000002 0.8598796568627451 0.2173974609375 0.7365291666666667 0.19810839843750003 0.7363634803921568 0.200060546875 0.8612303921568628 0.22038671875000002 0.8598796568627451
7 0.2460927734375 0.9094 0.23951692708333336 0.7365291666666667 0.21904069010416669 0.738052205882353 0.22158235677083335 0.9098502450980391 0.2460927734375 0.9094
8 0.26641861979166664 0.8567284313725491 0.2604404296875 0.6203813725490196 0.236982421875 0.6209725490196079 0.24131022135416666 0.8567284313725491 0.26641861979166664 0.8567284313725491
12 0.22756054687500002 0.7324774509803921 0.22576692708333335 0.6329865196078431 0.14727311197916668 0.6350446078431372 0.14984375 0.7333776960784314 0.22756054687500002 0.7324774509803921
6 0.2604404296875 0.619464705882353 0.2586471354166667 0.5780475490196079 0.18016666666666667 0.5776303921568627 0.18212597656249999 0.6185642156862745 0.2604404296875 0.619464705882353
9 0.13370247395833332 0.4956147058823529 0.12294173177083334 0.03947892156862745 0.10167057291666666 0.039514460784313726 0.10859407552083333 0.4951644607843137 0.13370247395833332 0.4956147058823529
10 0.15223502604166667 0.49474705882352943 0.14386555989583333 0.03677794117647059 0.12409798177083332 0.03838872549019608 0.13011555989583332 0.49609754901960784 0.15223502604166667 0.49474705882352943
0 0.17076757812499999 0.3281294117647059 0.16718066406249998 0.0354436274509804 0.14428287760416666 0.037262745098039216 0.14924609375 0.33038039215686277 0.17076757812499999 0.3281294117647059
1 0.34084342447916666 0.9144296568627451 0.32331315104166664 0.028002450980392158 0.29861132812499996 0.02680220588235294 0.3178662109375 0.9154737745098038 0.34084342447916666 0.9144296568627451
1 0.3671389973958334 0.9180517156862744 0.34403092447916667 0.026224019607843138 0.32331315104166664 0.026824019607843134 0.34277734374999996 0.9162240196078432 0.3671389973958334 0.9180517156862744