4 0.2436348039215686 0.13009114583333334 0.533510294117647 0.1782978515625 0.5369906862745099 0.15848697916666668 0.24661789215686275 0.1102802734375 0.2436348039215686 0.13009114583333334
3 0.24462916666666668 0.14594010416666667 0.3748990196078431 0.16773177083333335 0.3763906862745098 0.14990201822916668 0.2476125 0.12943098958333335 0.24462916666666668 0.14594010416666667
2 0.37291029411764703 0.1842408854166667 0.3748990196078431 0.169052734375 0.24214313725490194 0.14395898437500002 0.24065147058823527 0.15848697916666668 0.37291029411764703 0.1842408854166667
5 0.26948970588235294 0.17961848958333335 0.3689325980392157 0.19546712239583333 0.3689325980392157 0.18225976562500001 0.27147867647058826 0.1657509765625 0.26948970588235294 0.17961848958333335
11 0.26899264705882353 0.19282552083333335 0.3694296568627451 0.21065559895833333 0.37141862745098037 0.19876888020833336 0.2704843137254902 0.18093912760416667 0.26899264705882353 0.19282552083333335
7 0.23020980392156862 0.20405175781249998 0.367440931372549 0.22716438802083336 0.3689325980392157 0.21197623697916668 0.23219877450980392 0.188203125 0.23020980392156862 0.20405175781249998
8 0.26750098039215686 0.22914550781249998 0.45693946078431374 0.2608430989583333 0.45843088235294116 0.244333984375 0.2684953431372549 0.21329687500000002 0.26750098039215686 0.22914550781249998
8 0.366446568627451 0.22188151041666668 0.4559448529411765 0.23706998697916667 0.4614142156862745 0.17631673177083332 0.3739046568627451 0.16178873697916665 0.366446568627451 0.22188151041666668
6 0.4554477941176471 0.26282389322916666 0.4912470588235294 0.27140885416666666 0.4996997549019608 0.20273111979166666 0.4619115196078431 0.19546712239583333 0.4554477941176471 0.26282389322916666
6 0.49074975490196077 0.269427734375 0.528040931372549 0.27603125 0.5345046568627451 0.21065559895833333 0.4972137254901961 0.20273111979166666 0.49074975490196077 0.269427734375
9 0.5643374999999999 0.18027864583333333 0.9332700980392157 0.24367350260416668 0.9342644607843137 0.22650423177083334 0.5698068627450981 0.16244889322916667 0.5643374999999999 0.18027864583333333
10 0.5613541666666666 0.19678776041666668 0.9322754901960785 0.2667861328125 0.9342644607843137 0.24367350260416668 0.5648348039215686 0.17961848958333335 0.5613541666666666 0.19678776041666668
0 0.693115931372549 0.23773014322916666 0.931778431372549 0.2813141276041667 0.9332700980392157 0.26282389322916666 0.6956019607843137 0.219900390625 0.693115931372549 0.23773014322916666
1 0.21526495098039214 0.2801666666666667 0.9220247549019608 0.40412760416666665 0.924182843137255 0.38334798177083335 0.2190416666666667 0.26153645833333333 0.21526495098039214 0.2801666666666667
1 0.2141860294117647 0.29736360677083334 0.9209458333333332 0.4191751302083333 0.9236433823529412 0.4034111328125 0.21526495098039214 0.2794498697916667 0.2141860294117647 0.29736360677083334
1 0.9197911764705883 0.438521484375 0.922488725490196 0.4198916015625 0.21148848039215687 0.2987965494791667 0.21094901960784315 0.31384375000000003 0.9197911764705883 0.438521484375