9 0.0974951171875 0.4844252450980392 0.10754361979166667 0.005382352941176471 0.08409309895833333 0.00742328431372549 0.07662532552083333 0.48384313725490197 0.0974951171875 0.4844252450980392
10 0.1217744140625 0.4826595588235294 0.1283583984375 0.005572794117647059 0.10729003906250001 0.006233823529411765 0.10264029947916666 0.4840259803921569 0.1217744140625 0.4826595588235294
0 0.12348111979166666 0.310844362745098 0.14509277343750002 0.30820514705882357 0.15151822916666666 0.004703676470588235 0.1278251953125 0.005059803921568627 0.12348111979166666 0.310844362745098
1 0.2999108072916667 0.9259737745098039 0.3163802083333333 0.00007377450980392156 0.2911399739583333 0.001550735294117647 0.278201171875 0.9259737745098039 0.2999108072916667 0.9259737745098039
1 0.32835774739583334 0.9259531862745098 0.3373411458333333 0 0.3154794921875 0.001550735294117647 0.30215657552083336 0.9248257352941177 0.32835774739583334 0.9259531862745098
6 0.22804427083333334 0.6152526960784315 0.23103873697916666 0.5707176470588234 0.14791048177083332 0.5703723039215687 0.14869173177083334 0.6141252450980392 0.22804427083333334 0.6152526960784315
4 0.09479166666666666 0.909563725490196 0.09703743489583333 0.5239688725490196 0.07582747395833334 0.525965931372549 0.07158463541666667 0.909563725490196 0.09479166666666666 0.909563725490196
3 0.11799869791666667 0.8717933823529411 0.12024446614583334 0.7348058823529411 0.09923111979166667 0.7367191176470588 0.0977861328125 0.8712296568627451 0.11799869791666667 0.8717933823529411
2 0.14396223958333335 0.9111397058823529 0.14396223958333335 0.7348110294117647 0.12016048177083333 0.7357897058823529 0.11968717447916666 0.9107588235294118 0.14396223958333335 0.9111397058823529
5 0.1611572265625 0.8719132352941177 0.16318001302083332 0.7367151960784313 0.14545735677083335 0.7372183823529412 0.14396223958333335 0.8719132352941177 0.1611572265625 0.8719132352941177
11 0.1773408203125 0.8734365196078432 0.17986946614583332 0.7359536764705882 0.16253287760416665 0.736265931372549 0.16267447916666666 0.8734365196078432 0.1773408203125 0.8734365196078432
7 0.20414453124999998 0.919518137254902 0.20363899739583333 0.7367151960784313 0.18024055989583332 0.736265931372549 0.18037499999999998 0.9210416666666666 0.20414453124999998 0.919518137254902
8 0.22470963541666666 0.8716041666666666 0.23006868489583332 0.6164696078431372 0.205509765625 0.6156948529411764 0.20386946614583334 0.871155637254902 0.22470963541666666 0.8716041666666666