4 0.9072366536458333 0.4638360294117647 0.9179391276041667 0.08772990196078431 0.8931259765625 0.08881176470588234 0.8851181640625 0.4643732843137255 0.9072366536458333 0.4638360294117647
3 0.890826171875 0.2607387254901961 0.8922532552083333 0.12372867647058823 0.8734967447916667 0.12777622549019607 0.8687076822916667 0.2612759803921569 0.890826171875 0.2607387254901961
2 0.8722750651041666 0.2596639705882353 0.8737021484374999 0.08020759803921569 0.8502985026041667 0.0834375 0.8480162760416667 0.2596639705882353 0.8722750651041666 0.2596639705882353
5 0.8480162760416667 0.2607387254901961 0.8501569010416666 0.12856421568627452 0.82977734375 0.13180710784313726 0.8294654947916666 0.2607387254901961 0.8480162760416667 0.2607387254901961
11 0.8294654947916666 0.2596639705882353 0.8323193359375001 0.12802696078431372 0.8128248697916667 0.12911985294117645 0.8102008463541667 0.25912671568627454 0.8294654947916666 0.2596639705882353
7 0.8109143880208333 0.25912671568627454 0.8159088541666667 0.07698382352941176 0.7923033854166667 0.07940661764705882 0.7880826822916666 0.2596639705882353 0.8109143880208333 0.25912671568627454
8 0.7880826822916666 0.3778688725490196 0.7916500651041667 0.1301759803921569 0.76910546875 0.13315073529411764 0.7652506510416667 0.3773316176470588 0.7880826822916666 0.3778688725490196
12 0.7973580729166666 0.35906348039215685 0.8822643229166666 0.3596009803921569 0.8822643229166666 0.26288774509803925 0.79944140625 0.2621360294117647 0.7973580729166666 0.35906348039215685
6 0.7688180338541667 0.4240762254901961 0.8430218098958333 0.4224642156862745 0.8437353515625 0.3784061274509804 0.7709586588541667 0.3784061274509804 0.7688180338541667 0.4240762254901961
9 0.8901126302083333 0.948593137254902 0.9065231119791667 0.5015639705882353 0.8842034505208334 0.5039838235294117 0.8722750651041666 0.948593137254902 0.8901126302083333 0.948593137254902
10 0.8694212239583333 0.948593137254902 0.8865452473958334 0.5060867647058823 0.8627900390625 0.5039838235294117 0.8487298177083332 0.9496676470588234 0.8694212239583333 0.948593137254902
0 0.8487298177083332 0.949953431372549 0.8572916666666667 0.6673365196078431 0.8386995442708334 0.6692465686274509 0.8294654947916666 0.9521026960784315 0.8487298177083332 0.949953431372549
1 0.692603515625 0.0741593137254902 0.6769065755208333 0.9565926470588235 0.7012955729166667 0.9561049019607842 0.7154352213541667 0.0741593137254902 0.692603515625 0.0741593137254902
1 0.6797604166666668 0.9565536764705882 0.6954573567708334 0.07035906862745098 0.6690579427083333 0.06821004901960785 0.6557916666666667 0.9574485294117647 0.6797604166666668 0.9565536764705882