4 0.10041666666666667 0.11571451822916667 0.4740262254901961 0.09021809895833333 0.4762411764705883 0.06570247395833333 0.10041666666666667 0.08433430989583333 0.10041666666666667 0.11571451822916667
3 0.12478259803921568 0.128462890625 0.27393112745098036 0.12355957031249999 0.2731926470588235 0.09904394531249999 0.1262593137254902 0.10688899739583334 0.12478259803921568 0.128462890625
2 0.09820171568627452 0.15395930989583334 0.27097769607843136 0.14317220052083332 0.2731926470588235 0.12061783854166667 0.09893995098039216 0.13042415364583335 0.09820171568627452 0.15395930989583334
5 0.13511960784313726 0.16866861979166667 0.2702392156862745 0.15886230468749998 0.2702392156862745 0.13826920572916665 0.13364289215686276 0.14807552083333334 0.13511960784313726 0.16866861979166667
11 0.13142769607843138 0.18435904947916668 0.26580906862745096 0.17455240885416667 0.26876249999999996 0.15886230468749998 0.13364289215686276 0.16768815104166668 0.13142769607843138 0.18435904947916668
7 0.08491127450980392 0.20887467447916666 0.26802401960784317 0.19416536458333333 0.2672857843137255 0.17455240885416667 0.08564950980392157 0.1863203125 0.08491127450980392 0.20887467447916666
8 0.13511960784313726 0.22554557291666666 0.3883764705882353 0.20887467447916666 0.3913299019607843 0.18730078125000002 0.13807303921568626 0.2039716796875 0.13511960784313726 0.22554557291666666
12 0.26802401960784317 0.1814169921875 0.36622573529411767 0.17749446614583334 0.3669642156862745 0.10786946614583333 0.2702392156862745 0.11571451822916667 0.26802401960784317 0.1814169921875
6 0.3883764705882353 0.2108359375 0.4326781862745098 0.2127972005208333 0.4363698529411765 0.12454036458333334 0.3891149509803921 0.12748209635416666 0.3883764705882353 0.2108359375
6 0.4806713235294117 0.20691341145833334 0.4828865196078431 0.12159830729166667 0.4385850490196078 0.12454036458333334 0.4356316176470588 0.20887467447916666 0.4806713235294117 0.20691341145833334
9 0.513159068627451 0.08433430989583333 0.9827551470588235 0.06177994791666667 0.9798017156862745 0.04314778645833334 0.5146357843137255 0.06472167968749999 0.513159068627451 0.08433430989583333
10 0.9886620098039216 0.08433430989583333 0.9834936274509803 0.059818684895833335 0.5153742647058823 0.08531510416666667 0.5146357843137255 0.10492773437500001 0.9886620098039216 0.08433430989583333
0 0.6888884803921569 0.11767578125 0.9894004901960785 0.10885026041666666 0.9886620098039216 0.08335384114583333 0.6896269607843137 0.09806315104166667 0.6888884803921569 0.11767578125
1 0.0764281862745098 0.3059156901041667 0.998959068627451 0.25936328125 0.9981245098039215 0.23276171874999999 0.07594436274509804 0.2782057291666667 0.0764281862745098 0.3059156901041667
1 0.07559387254901961 0.32808333333333334 0.9969394607843137 0.2804225260416667 0.9961049019607844 0.2549296875 0.07559387254901961 0.30369889322916666 0.07559387254901961 0.32808333333333334
1 0.07225563725490196 0.34803450520833334 0.9977740196078432 0.30259049479166666 0.9997549019607843 0.27598893229166666 0.07475931372549019 0.32475813802083336 0.07225563725490196 0.34803450520833334