4 0.048338970588235296 0.17031184895833332 0.42978529411764704 0.1767138671875 0.42978529411764704 0.15567838541666668 0.050799754901960786 0.14431380208333333 0.048338970588235296 0.17031184895833332
3 0.22184877450980392 0.1940908203125 0.22116029411764704 0.17031184895833332 0.08782328431372549 0.16832812500000002 0.08758529411764707 0.18951790364583332 0.22184877450980392 0.1940908203125
2 0.21978333333333333 0.21786979166666667 0.21978333333333333 0.19500553385416666 0.050799754901960786 0.19005533854166667 0.049715931372549024 0.21329687500000002 0.21978333333333333 0.21786979166666667
5 0.09263063725490196 0.235986328125 0.2232281862745098 0.236708984375 0.2232281862745098 0.21647037760416665 0.09186372549019607 0.21617708333333333 0.09263063725490196 0.235986328125
11 0.09426323529411765 0.25261067708333335 0.22159583333333333 0.2511650390625 0.2210514705882353 0.23454069010416667 0.09322450980392157 0.2360595703125 0.09426323529411765 0.25261067708333335
7 0.04256838235294118 0.2764632161458333 0.22213995098039216 0.27718619791666665 0.22431642156862747 0.25405631510416665 0.04559166666666667 0.24871223958333333 0.04256838235294118 0.2764632161458333
8 0.09557450980392157 0.29833528645833335 0.3404448529411765 0.30194921874999997 0.3404448529411765 0.28171093750000004 0.09666274509803922 0.2795423177083333 0.09557450980392157 0.29833528645833335
12 0.3224875 0.26219498697916666 0.3224875 0.18774609374999998 0.2252360294117647 0.18725716145833335 0.2239953431372549 0.263640625 0.3224875 0.26219498697916666
6 0.39020073529411764 0.3033929036458333 0.3912892156862745 0.2209931640625 0.3429575980392157 0.22521484375 0.34285931372549017 0.3048385416666667 0.39020073529411764 0.3033929036458333
9 0.47260416666666666 0.17942545572916668 0.9226213235294117 0.18809928385416666 0.9220772058823529 0.1693063151041667 0.47260416666666666 0.1570185546875 0.47260416666666666 0.17942545572916668
10 0.4704274509803922 0.20038671875 0.9226213235294117 0.20833756510416668 0.9226213235294117 0.19171321614583334 0.4695252450980392 0.17912337239583334 0.4704274509803922 0.20038671875
0 0.9237095588235295 0.23508138020833333 0.9237095588235295 0.2133974609375 0.6369210784313726 0.2017171223958333 0.6363950980392157 0.22640787760416667 0.9237095588235295 0.23508138020833333
1 0.03466593137254902 0.3774996744791667 0.9261262254901961 0.3905100911458333 0.9261262254901961 0.36882584635416665 0.03606495098039216 0.35264355468749997 0.03466593137254902 0.3774996744791667
1 0.9237188725490196 0.41002571614583333 0.9248073529411764 0.38834179687500003 0.035387254901960784 0.37433365885416664 0.03466593137254902 0.4006292317708333 0.9237188725490196 0.41002571614583333