4 0.9028479817708334 0.4530397058823529 0.907021484375 0.05704779411764706 0.8828154296875 0.055162254901960785 0.8809563802083332 0.45598504901960785 0.9028479817708334 0.4530397058823529
3 0.8819807942708334 0.2405870098039216 0.8836500651041667 0.09538995098039214 0.8627828776041667 0.09350416666666667 0.8602786458333332 0.2343014705882353 0.8819807942708334 0.2405870098039216
2 0.8611132812500001 0.23744411764705883 0.8594440104166666 0.052648039215686275 0.8350296223958332 0.05674264705882353 0.8360725911458333 0.2368156862745098 0.8611132812500001 0.23744411764705883
5 0.8352379557291667 0.2368156862745098 0.8385768229166667 0.09978970588235295 0.8183291015625 0.10075367647058824 0.8177093098958333 0.2368156862745098 0.8352379557291667 0.2368156862745098
11 0.8168746744791666 0.23304436274509804 0.8160400390625 0.1010470588235294 0.7964095052083334 0.10389730392156862 0.7968421223958333 0.23932990196078432 0.8168746744791666 0.23304436274509804
7 0.7976767578125 0.23995833333333333 0.8010156249999999 0.04887647058823529 0.7755338541666666 0.05124142156862745 0.773470703125 0.23870122549019607 0.7976767578125 0.23995833333333333
8 0.7768095703125 0.36315588235294116 0.7768095703125 0.1054468137254902 0.7483955078125 0.10704093137254901 0.7484300130208333 0.36504166666666665 0.7768095703125 0.36315588235294116
12 0.7851565755208334 0.35121323529411763 0.8702949218749999 0.3530990196078431 0.8719641927083334 0.2405870098039216 0.7901468098958334 0.24221764705882354 0.7851565755208334 0.35121323529411763
6 0.7475953776041666 0.41406911764705884 0.8444195963541666 0.4146975490196078 0.8419153645833334 0.36315588235294116 0.7452639973958334 0.3640335784313726 0.7475953776041666 0.41406911764705884
6 0.7459261067708334 0.45743970588235294 0.8394114583333333 0.4568110294117647 0.8419153645833334 0.4128120098039215 0.7504830729166666 0.41433186274509803 0.7459261067708334 0.45743970588235294
9 0.8911621093750001 0.9667323529411764 0.9011783854166667 0.49647892156862744 0.8757373046875 0.49685245098039216 0.8661214192708333 0.9698752450980392 0.8911621093750001 0.9667323529411764
10 0.8686256510416667 0.9711095588235295 0.8794765625 0.49647892156862744 0.85694921875 0.49606666666666666 0.8435849609375 0.9729950980392157 0.8686256510416667 0.9711095588235295
0 0.8485930989583333 0.9692237745098039 0.8544358723958334 0.6694014705882353 0.8287669270833334 0.6721105392156862 0.8210481770833334 0.9704808823529412 0.8485930989583333 0.9692237745098039
1 0.6866630859375 0.9749036764705882 0.6916712239583332 0.04065955882352941 0.6690677083333334 0.037880882352941174 0.6607874348958334 0.9767894607843137 0.6866630859375 0.9749036764705882
1 0.6641263020833333 0.9755093137254902 0.6691344401041667 0.03812230392156862 0.6440166015625001 0.039452696078431375 0.6399202473958333 0.9773950980392156 0.6641263020833333 0.9755093137254902