4 0.1296014705882353 0.11447298177083333 0.4900953431372549 0.14455338541666665 0.4919825980392157 0.11865071614583333 0.13778039215686275 0.09441927083333333 0.1296014705882353 0.11447298177083333
3 0.16923700980392156 0.13786881510416668 0.303871568627451 0.1412109375 0.305759068627451 0.12617089843749998 0.1704953431372549 0.11614388020833333 0.16923700980392156 0.13786881510416668
2 0.1296014705882353 0.15875813802083333 0.29569289215686273 0.16627799479166666 0.2975803921568627 0.14455338541666665 0.1296014705882353 0.13536197916666667 0.1296014705882353 0.15875813802083333
5 0.1648330882352941 0.1704560546875 0.29443455882352937 0.18298958333333334 0.29569289215686273 0.16460709635416668 0.16797867647058823 0.15875813802083333 0.1648330882352941 0.1704560546875
11 0.3000968137254902 0.19802962239583333 0.3000968137254902 0.18048274739583334 0.17238259803921568 0.17379817708333334 0.17112450980392158 0.1871673177083333 0.3000968137254902 0.19802962239583333
7 0.11860441176470589 0.20722102864583333 0.3035696078431373 0.21474121093749998 0.3048279411764706 0.19635872395833334 0.12112083333333333 0.18883854166666666 0.11860441176470589 0.20722102864583333
8 0.16138553921568627 0.22978125000000002 0.4004563725490196 0.24398600260416667 0.4017144607843137 0.22393229166666664 0.16516029411764707 0.2097275390625 0.16138553921568627 0.22978125000000002
9 0.5240686274509804 0.1412109375 0.9632039215686274 0.17296256510416666 0.9619455882352941 0.15541569010416667 0.5278433823529413 0.12617089843749998 0.5240686274509804 0.1412109375
10 0.9663497549019607 0.1946875 0.9650914215686274 0.17546940104166667 0.5240686274509804 0.1412109375 0.5234394607843137 0.15959342447916666 0.9663497549019607 0.1946875
2 0.29254730392156864 0.20304296875000002 0.38628823529411765 0.20889225260416666 0.39132132352941174 0.1478955078125 0.29065980392156865 0.13954003906249998 0.29254730392156864 0.20304296875000002
6 0.4013875 0.24649283854166668 0.4435394607843137 0.24899934895833334 0.4485725490196078 0.1704560546875 0.4039039215686275 0.16962044270833332 0.4013875 0.24649283854166668
6 0.48443308823529413 0.25067057291666667 0.48694950980392154 0.17630501302083335 0.4473142156862745 0.17129166666666665 0.44165196078431374 0.25234179687499997 0.48443308823529413 0.25067057291666667
0 0.9688661764705883 0.21390559895833336 0.9663497549019607 0.1921806640625 0.6844975490196078 0.172126953125 0.6857558823529412 0.1946875 0.9688661764705883 0.21390559895833336
1 0.0994279411764706 0.2920826822916667 0.9765840686274511 0.35587076822916663 0.9748987745098039 0.33236979166666664 0.10279828431372548 0.27305794270833333 0.0994279411764706 0.2920826822916667
1 0.9824821078431373 0.3782526041666667 0.9791117647058823 0.35363248697916666 0.10027058823529411 0.29320149739583334 0.0969 0.3122262369791667 0.9824821078431373 0.3782526041666667
1 0.9824821078431373 0.3983961588541667 0.9782691176470588 0.37601432291666664 0.0969 0.31334537760416664 0.09521495098039215 0.3334889322916667 0.9824821078431373 0.3983961588541667