4 0.10604850260416666 0.8984713235294117 0.118177734375 0.5186041666666668 0.09368457031249999 0.519435294117647 0.078935546875 0.8968595588235294 0.10604850260416666 0.8984713235294117
3 0.12338509114583333 0.8660299019607843 0.13159505208333333 0.7278036764705882 0.11293619791666666 0.7289749999999999 0.10579166666666667 0.8669132352941176 0.12338509114583333 0.8660299019607843
2 0.15212076822916668 0.9027002450980391 0.15622591145833334 0.7291446078431372 0.13493652343749998 0.7273186274509804 0.12514420572916665 0.9018169117647059 0.15212076822916668 0.9027002450980391
5 0.168541015625 0.8589801470588235 0.17381901041666667 0.7278198529411765 0.15840397135416667 0.7284227941176471 0.1515341796875 0.8603049019607842 0.168541015625 0.8589801470588235
11 0.18496158854166667 0.857213725490196 0.1925852864583333 0.7287031862745098 0.17600423177083332 0.7278708333333334 0.16912760416666664 0.8567720588235295 0.18496158854166667 0.857213725490196
7 0.21076497395833335 0.9106492647058824 0.2172158203125 0.7300279411764706 0.1958046875 0.7289749999999999 0.18378841145833333 0.9106492647058824 0.21076497395833335 0.9106492647058824
8 0.231876953125 0.8638379901960784 0.245365234375 0.6099080882352942 0.22073860677083335 0.6108105392156863 0.2113515625 0.8638379901960784 0.231876953125 0.8638379901960784
12 0.20783268229166665 0.7273781862745098 0.20900553385416668 0.6200654411764707 0.12631705729166667 0.6156492647058824 0.12338509114583333 0.7247286764705883 0.20783268229166665 0.7273781862745098
6 0.245365234375 0.6116262254901961 0.24829720052083334 0.5670230392156863 0.15840397135416667 0.564428431372549 0.15622591145833334 0.607210294117647 0.245365234375 0.6116262254901961
9 0.11754134114583333 0.47778480392156863 0.14251497395833332 0.007046323529411765 0.121013671875 0.006760294117647059 0.09725065104166668 0.4766093137254902 0.11754134114583333 0.47778480392156863
10 0.14017350260416667 0.47837230392156865 0.16436653645833335 0.007046323529411765 0.1434599609375 0.00896470588235294 0.11676106770833333 0.47837230392156865 0.14017350260416667 0.47837230392156865
0 0.17217057291666668 0.3085303921568628 0.19168131510416667 0.005870833333333333 0.16688183593749997 0.008229901960784314 0.14953873697916667 0.3085303921568628 0.17217057291666668 0.3085303921568628
1 0.30990885416666664 0.9188879901960785 0.348810546875 0.004348774509803921 0.325470703125 0.005407107843137255 0.2839742838541667 0.9181904411764706 0.30990885416666664 0.9188879901960785
1 0.3311741536458333 0.9217367647058824 0.37028222656250004 0.006272549019607843 0.3498577473958333 0.007477696078431372 0.30951432291666664 0.9212838235294118 0.3311741536458333 0.9217367647058824