4 0.13104817708333333 0.727625 0.023714192708333342 0.3918504901960784
3 0.15515625 0.8146102941176471 0.022418619791666667 0.1516225490196078
2 0.17917317708333333 0.831796568627451 0.02277669270833334 0.18461029411764707
5 0.20108072916666667 0.8151642156862745 0.01708333333333334 0.1527254901960784
10 0.21877278645833334 0.8119191176470588 0.0139615885416667 0.144857843137255
7 0.23783854166666665 0.8307598039215687 0.02275390625000003 0.1811593137254902
8 0.2610319010416667 0.7539313725490197 0.023294270833333314 0.27187990196078443
12 0.19502604166666668 0.6898872549019607 0.08931966145833335 0.09961029411764702
6 0.22555338541666667 0.5941372549019608 0.09720377604166663 0.048938725490196094
6 0.22326171875 0.5506519607843137 0.09445312500000003 0.042049019607843234
9 0.13148437500000001 0.26204411764705887 0.023056640625000013 0.4610514705882352
10 0.15596028645833335 0.2613088235294118 0.023046874999999984 0.4595759803921569
0 0.1780859375 0.17660294117647057 0.024169921875 0.29230392156862745
1 0.3510947265625 0.9315911764705882 0.34449348958333337 0.020048039215686275 0.32330891927083333 0.018853186274509805 0.32799088541666666 0.9324196078431373 0.3510947265625 0.9315911764705882
1 0.3741985677083333 0.9307624999999999 0.36759733072916667 0.01918921568627451 0.3453216145833333 0.018853186274509805 0.35329524739583335 0.9307624999999999 0.3741985677083333 0.9307624999999999