4 0.05893578431372549 0.15191601562499998 0.44027622549019607 0.14751888020833334 0.4396142156862745 0.12553385416666665 0.06357009803921568 0.12905143229166668 0.05893578431372549 0.15191601562499998
3 0.2423235294117647 0.16950423177083332 0.2416612745098039 0.14751888020833334 0.10514289215686275 0.1519580078125 0.10527916666666666 0.17038346354166667 0.2423235294117647 0.16950423177083332
2 0.07350098039215687 0.1914892578125 0.23901323529411764 0.19412727864583335 0.23760661764705882 0.16955078125 0.07151470588235294 0.17302180989583335 0.07350098039215687 0.1914892578125
5 0.09764632352941176 0.21161555989583333 0.24025882352941175 0.2101123046875 0.24025882352941175 0.18981575520833335 0.10017549019607844 0.19374088541666667 0.09764632352941176 0.21161555989583333
11 0.1106625 0.22740169270833333 0.24082475490196079 0.2289052734375 0.23969289215686274 0.2093603515625 0.1134921568627451 0.21086393229166667 0.1106625 0.22740169270833333
7 0.06192426470588235 0.2522083333333333 0.2413218137254902 0.2484498697916667 0.23919926470588235 0.22858398437500002 0.0630561274509804 0.23040852864583336 0.06192426470588235 0.2522083333333333
8 0.11512107843137255 0.27400813802083335 0.35563823529411764 0.27325651041666665 0.3539404411764706 0.2484498697916667 0.11676323529411765 0.2520813802083333 0.11512107843137255 0.27400813802083335
12 0.3335671568627451 0.24243619791666668 0.33243529411764705 0.15899544270833335 0.24131666666666668 0.15997102864583332 0.24188774509803923 0.24168424479166664 0.3335671568627451 0.24243619791666668
6 0.36129730392156867 0.27175292968750003 0.4060051470588235 0.27100130208333334 0.40374166666666667 0.19658138020833335 0.3566700980392157 0.19850716145833333 0.36129730392156867 0.27175292968750003
9 0.48169289215686273 0.14902571614583335 0.9225465686274509 0.14827408854166665 0.9202828431372548 0.1279775390625 0.48339068627450976 0.1287294921875 0.48169289215686273 0.14902571614583335
10 0.4805610294117647 0.17007389322916666 0.9214147058823529 0.16706705729166668 0.9202828431372548 0.14977734374999999 0.4826446078431373 0.14963216145833333 0.4805610294117647 0.17007389322916666
0 0.6441127450980392 0.19262532552083333 0.9225465686274509 0.1903701171875 0.9214147058823529 0.16706705729166668 0.6439980392156863 0.17218977864583332 0.6441127450980392 0.19262532552083333
1 0.05448995098039215 0.3506865234375 0.9345938725490196 0.3356520182291667 0.9323303921568628 0.316107421875 0.05519975490196079 0.3282132161458333 0.05448995098039215 0.3506865234375
1 0.05333210784313726 0.37173470052083335 0.9351857843137255 0.36271386718750004 0.9317901960784314 0.33865885416666663 0.0561875 0.3529417317708334 0.05333210784313726 0.37173470052083335