4 0.14578970588235293 0.1454208984375 0.4978627450980392 0.10042903645833333 0.4966526960784314 0.07873632812499999 0.1439747549019608 0.11890787760416667 0.14578970588235293 0.1454208984375
3 0.17724632352941175 0.15747265624999998 0.31033235294117645 0.14220735677083332 0.30791274509803923 0.123728515625 0.17966617647058825 0.13819010416666666 0.17724632352941175 0.15747265624999998
2 0.14639460784313724 0.18478906250000002 0.31335710784313725 0.1655068359375 0.31335710784313725 0.14220735677083332 0.14820931372549018 0.16229296875000002 0.14639460784313724 0.18478906250000002
5 0.18390073529411766 0.196037109375 0.30972745098039217 0.1799684244791667 0.3085176470588235 0.16470345052083332 0.1820857843137255 0.17755826822916665 0.18390073529411766 0.196037109375
11 0.1869252450980392 0.2129091796875 0.30972745098039217 0.2016611328125 0.3085176470588235 0.1799684244791667 0.1869252450980392 0.19684049479166665 0.1869252450980392 0.2129091796875
7 0.14639460784313724 0.241029296875 0.3121473039215686 0.21692643229166667 0.30972745098039217 0.19844759114583332 0.14760441176470587 0.21772981770833333 0.14639460784313724 0.241029296875
8 0.1857154411764706 0.2538841145833333 0.4234553921568628 0.23138802083333332 0.4222455882352941 0.2056783854166667 0.1863203431372549 0.23379850260416668 0.1857154411764706 0.2538841145833333
12 0.3127522058823529 0.2056783854166667 0.4028877450980392 0.19684049479166665 0.3980482843137255 0.1293525390625 0.30912254901960784 0.13819010416666666 0.3127522058823529 0.2056783854166667
6 0.4204308823529412 0.22897786458333333 0.4627764705882353 0.22335384114583334 0.4591468137254902 0.14702799479166667 0.4192208333333333 0.14943815104166666 0.4204308823529412 0.22897786458333333
6 0.5027022058823529 0.22094368489583335 0.5057269607843137 0.13819010416666666 0.4591468137254902 0.1454208984375 0.4627764705882353 0.22576432291666668 0.5027022058823529 0.22094368489583335
9 0.5317392156862746 0.09641178385416667 0.9606389705882353 0.0530263671875 0.9594291666666667 0.033744140625 0.5317392156862746 0.07712923177083333 0.5317392156862746 0.09641178385416667
10 0.9636637254901961 0.0731123046875 0.960034068627451 0.052222981770833336 0.5323441176470588 0.09641178385416667 0.534763725490196 0.11890787760416667 0.9636637254901961 0.0731123046875
0 0.6908375 0.12131803385416667 0.9618490196078432 0.09319791666666666 0.9636637254901961 0.07230891927083334 0.6896274509803921 0.10042903645833333 0.6908375 0.12131803385416667
1 0.14427083333333332 0.3278251953125 0.9770757352941176 0.23973925781250002 0.976392156862745 0.21794466145833333 0.14563823529411762 0.30693880208333335 0.14427083333333332 0.3278251953125
1 0.14632205882352942 0.353251953125 0.9784433823529411 0.2597174479166667 0.9770757352941176 0.2379228515625 0.14768946078431372 0.32964127604166665 0.14632205882352942 0.353251953125
1 0.9782995098039216 0.28009114583333333 0.9773387254901961 0.2596744791666667 0.147 0.3515494791666667 0.14748039215686276 0.37707031249999995 0.9782995098039216 0.28009114583333333