4 0.04348931116389549 0.06221836040800907 0.44950224333597255 0.07731620702682282 0.45016152019002376 0.042402720060445785 0.04862918975983109 0.035630525122780504 0.04348931116389549 0.06221836040800907
3 0.06787648456057008 0.0886392142047601 0.22935893375560834 0.09241367585946354 0.23001794668778042 0.06599282206271251 0.06758643441541304 0.06748583301851152 0.06787648456057008 0.0886392142047601
2 0.04744391660068619 0.11883452965621459 0.2280406439693851 0.12166528145069891 0.23001794668778042 0.09146996599924444 0.04698073370282396 0.08990215338118625 0.04744391660068619 0.11883452965621459
5 0.08237688044338876 0.13487570834907442 0.2260633412509897 0.13865017000377786 0.2260633412509897 0.11789081979599547 0.0815983108999736 0.11703815640347563 0.08237688044338876 0.13487570834907442
11 0.09036289258379519 0.15856856819040424 0.22789839007653734 0.15989459765772573 0.22743547110055426 0.13934265205893465 0.08975877540248087 0.13693879863996977 0.09036289258379519 0.15856856819040424
7 0.039423594615993665 0.18442425387230826 0.22789839007653734 0.18309822440498677 0.23021377672209026 0.16387230827351718 0.04111533386117709 0.15683301851152248 0.039423594615993665 0.18442425387230826
8 0.08573185537081024 0.20961692482055155 0.3570987067827923 0.216246316584813 0.356172604908947 0.18972799395542123 0.08744233306941146 0.1841873819418209 0.08573185537081024 0.20961692482055155
12 0.3425684877276326 0.1766346807706838 0.34164238585378726 0.08514582546278807 0.23395196621799946 0.08388741972043824 0.2337437318553708 0.17133094068757082 0.3425684877276326 0.1766346807706838
6 0.4071169173924518 0.204986021911598 0.40943230403800474 0.12940838685304118 0.35671865927685403 0.12782055156781263 0.35895618896806547 0.204986021911598 0.4071169173924518 0.204986021911598
9 0.9665088413829506 0.06029051756705704 0.4927746107152283 0.04902040045334341 0.49396278701504354 0.07476917264828106 0.9683613090525205 0.08813486966377031 0.9665088413829506 0.06029051756705704
10 0.49231169173924516 0.09874234982999622 0.9683613090525205 0.10934982999622214 0.9678981261546582 0.08680921798262184 0.49222090261282664 0.07394030978466189 0.49231169173924516 0.09874234982999622
0 0.6682831881762998 0.12791273139403098 0.9678981261546582 0.13785719682659614 0.9674349432567959 0.11001284472988289 0.6676848772763263 0.10378163959199092 0.6682831881762998 0.12791273139403098
1 0.03170203219846925 0.3008492633169626 0.969957244655582 0.3141186248583302 0.9677846397466351 0.28836040800906687 0.032247294800738985 0.2719686437476388 0.03170203219846925 0.3008492633169626
1 0.030644761150699393 0.3219244427653948 0.9699820533122196 0.3383158292406498 0.9681607284243864 0.3144537211938043 0.030644761150699393 0.29616622591613145 0.030644761150699393 0.3219244427653948